100 2999
0 1 35
0 2 3
0 3 4
0 6 89
0 7 9
0 8 36
0 10 68
0 11 87
0 12 26
0 14 10
0 15 60
0 16 21
0 18 79
0 19 29
0 20 51
0 22 31
0 23 26
0 24 95
0 26 36
0 33 90
0 35 52
0 36 81
0 37 84
0 39 68
0 40 29
0 41 85
0 42 89
0 47 98
0 48 87
0 49 6
0 51 5
0 53 99
0 55 66
0 57 7
0 58 87
0 59 7
0 60 63
0 62 28
0 63 27
0 65 97
0 67 51
0 69 18
0 70 20
0 71 52
0 73 47
0 75 33
0 76 58
0 77 29
0 78 7
0 82 46
0 83 25
0 84 34
0 86 45
0 88 97
0 89 43
0 92 95
0 93 26
0 96 77
0 97 6
0 98 3
1 2 24
1 3 14
1 4 14
1 5 79
1 6 100
1 8 29
1 10 29
1 12 65
1 14 55
1 16 68
1 17 19
1 18 68
1 21 50
1 23 79
1 24 62
1 25 92
1 26 86
1 27 15
1 28 88
1 29 59
1 32 48
1 34 71
1 36 15
1 37 83
1 38 54
1 39 9
1 40 34
1 43 22
1 44 68
1 45 13
1 46 65
1 47 77
1 50 45
1 53 48
1 54 94
1 55 11
1 57 67
1 58 58
1 59 80
1 60 91
1 61 43
1 62 64
1 64 97
1 66 11
1 71 2
1 73 60
1 74 83
1 75 30
1 76 44
1 77 29
1 78 3
1 79 21
1 82 14
1 83 24
1 84 75
1 87 64
1 88 21
1 89 42
1 91 86
1 92 87
1 97 9
1 99 66
2 3 87
2 5 1
2 6 55
2 7 72
2 8 83
2 12 34
2 13 70
2 14 73
2 15 5
2 16 27
2 17 1
2 19 5
2 21 8
2 22 67
2 23 36
2 25 8
2 26 67
2 33 71
2 34 69
2 36 88
2 38 53
2 39 55
2 41 90
2 42 40
2 43 12
2 44 86
2 46 3
2 47 65
2 48 29
2 49 27
2 51 99
2 52 100
2 53 26
2 55 42
2 56 11
2 57 100
2 58 48
2 63 32
2 64 8
2 65 45
2 67 13
2 68 13
2 69 6
2 70 12
2 71 34
2 73 27
2 74 23
2 75 69
2 76 90
2 79 67
2 81 26
2 82 77
2 85 67
2 87 16
2 88 15
2 90 80
2 91 84
2 92 96
2 93 95
2 96 15
2 97 38
2 98 4
2 99 50
3 4 12
3 6 73
3 8 34
3 10 75
3 13 58
3 15 78
3 16 87
3 17 47
3 18 44
3 19 15
3 22 3
3 24 48
3 25 1
3 27 18
3 28 98
3 29 76
3 31 60
3 34 94
3 35 17
3 37 81
3 38 44
3 39 75
3 41 37
3 42 58
3 45 40
3 47 53
3 48 63
3 49 85
3 50 44
3 55 54
3 58 3
3 59 2
3 60 45
3 62 41
3 64 3
3 65 2
3 66 41
3 67 10
3 68 54
3 72 54
3 73 41
3 74 76
3 76 20
3 77 44
3 79 41
3 80 13
3 81 20
3 85 52
3 86 63
3 87 46
3 88 69
3 90 84
3 91 12
3 92 12
3 93 53
3 95 47
3 96 20
3 97 7
4 5 9
4 6 22
4 7 42
4 8 23
4 10 1
4 11 96
4 13 11
4 14 31
4 15 39
4 17 8
4 20 88
4 22 59
4 25 50
4 26 19
4 27 11
4 29 61
4 30 100
4 32 50
4 33 61
4 36 4
4 37 70
4 39 32
4 40 40
4 41 63
4 44 32
4 46 58
4 47 17
4 48 62
4 50 71
4 51 87
4 52 67
4 54 20
4 56 70
4 57 70
4 58 56
4 59 21
4 60 14
4 61 65
4 63 26
4 65 58
4 69 52
4 70 87
4 71 72
4 72 90
4 73 73
4 75 62
4 76 50
4 77 39
4 78 98
4 80 24
4 83 67
4 84 16
4 86 37
4 87 7
4 89 60
4 91 20
4 93 39
4 94 60
4 95 53
4 96 84
4 97 14
5 8 44
5 11 57
5 13 87
5 14 72
5 17 79
5 20 68
5 21 98
5 22 5
5 23 98
5 24 27
5 25 88
5 27 4
5 28 54
5 29 74
5 31 19
5 32 9
5 33 37
5 34 29
5 35 67
5 36 59
5 39 66
5 40 68
5 42 23
5 43 43
5 52 2
5 54 95
5 55 70
5 56 26
5 57 39
5 58 5
5 59 59
5 61 29
5 62 31
5 63 65
5 64 64
5 65 9
5 67 32
5 68 43
5 70 13
5 72 42
5 73 5
5 78 19
5 79 45
5 84 78
5 86 49
5 87 75
5 88 14
5 89 57
5 90 6
5 91 78
5 92 15
5 94 45
5 95 30
5 96 39
5 98 89
5 99 52
6 7 28
6 8 54
6 9 32
6 10 21
6 11 43
6 13 25
6 14 25
6 16 81
6 17 48
6 18 75
6 19 95
6 20 17
6 21 11
6 23 61
6 26 96
6 27 94
6 29 1
6 31 99
6 36 81
6 37 48
6 38 83
6 39 10
6 41 86
6 44 67
6 45 75
6 46 31
6 47 16
6 49 91
6 50 27
6 51 53
6 52 24
6 53 30
6 56 45
6 58 45
6 59 72
6 60 75
6 61 34
6 63 83
6 64 16
6 66 64
6 68 100
6 69 65
6 70 2
6 73 16
6 74 23
6 75 52
6 76 79
6 78 82
6 80 21
6 82 6
6 84 28
6 85 40
6 86 12
6 90 45
6 93 48
6 95 50
6 96 34
6 98 50
6 99 42
7 8 78
7 9 67
7 11 53
7 12 88
7 13 99
7 14 87
7 15 89
7 17 73
7 19 92
7 20 8
7 22 28
7 24 34
7 25 8
7 28 23
7 31 38
7 32 90
7 34 84
7 35 91
7 37 92
7 38 83
7 41 89
7 43 52
7 45 45
7 47 72
7 48 23
7 51 47
7 53 58
7 54 16
7 55 9
7 56 98
7 57 30
7 58 6
7 60 74
7 61 7
7 63 92
7 64 99
7 65 65
7 66 45
7 67 26
7 68 70
7 71 97
7 72 60
7 74 72
7 75 93
7 76 35
7 80 98
7 85 99
7 88 81
7 92 90
7 95 35
7 96 52
7 97 42
7 98 72
8 11 18
8 12 71
8 13 6
8 14 16
8 15 22
8 16 99
8 17 33
8 21 100
8 22 37
8 24 10
8 25 25
8 26 86
8 29 28
8 32 54
8 33 2
8 35 80
8 36 15
8 37 84
8 38 75
8 40 23
8 41 57
8 45 57
8 46 34
8 48 29
8 52 94
8 55 48
8 56 19
8 57 79
8 60 60
8 61 89
8 62 52
8 67 52
8 70 89
8 72 17
8 73 58
8 74 68
8 75 70
8 77 2
8 79 68
8 80 62
8 81 86
8 82 1
8 83 57
8 84 65
8 85 59
8 86 3
8 87 65
8 88 73
8 89 89
8 90 80
8 91 55
8 95 48
9 10 41
9 11 71
9 12 96
9 18 19
9 19 18
9 20 62
9 22 76
9 24 89
9 26 8
9 28 90
9 29 80
9 31 6
9 32 38
9 33 18
9 35 13
9 37 22
9 39 49
9 43 71
9 44 90
9 45 47
9 46 17
9 47 1
9 48 8
9 51 60
9 52 16
9 53 72
9 55 26
9 56 67
9 57 40
9 58 63
9 59 34
9 61 70
9 63 57
9 67 78
9 70 71
9 72 37
9 74 5
9 75 47
9 76 51
9 77 20
9 79 17
9 80 98
9 82 86
9 84 74
9 85 9
9 86 20
9 87 39
9 89 53
9 90 71
9 91 92
9 93 68
9 96 11
9 97 2
10 12 83
10 13 11
10 14 51
10 16 7
10 17 43
10 21 4
10 22 19
10 25 89
10 26 66
10 27 61
10 28 88
10 29 78
10 32 7
10 33 88
10 37 98
10 38 33
10 43 28
10 45 46
10 47 59
10 49 87
10 54 21
10 55 6
10 56 92
10 57 16
10 61 71
10 65 40
10 67 38
10 69 98
10 70 95
10 73 86
10 75 32
10 78 74
10 80 99
10 81 18
10 82 32
10 86 34
10 87 73
10 88 76
10 89 5
10 93 11
10 95 47
10 96 92
10 97 67
10 98 28
11 12 19
11 13 46
11 14 8
11 16 86
11 18 90
11 19 3
11 21 52
11 24 19
11 25 61
11 26 57
11 27 93
11 28 71
11 29 10
11 30 7
11 32 2
11 34 40
11 35 69
11 36 51
11 38 87
11 39 33
11 40 55
11 43 83
11 45 75
11 47 96
11 48 14
11 50 51
11 51 24
11 52 76
11 53 61
11 55 44
11 57 65
11 59 27
11 60 40
11 62 76
11 64 41
11 65 66
11 66 80
11 67 65
11 68 12
11 69 2
11 70 34
11 71 81
11 74 81
11 75 50
11 76 90
11 77 35
11 79 57
11 80 38
11 82 44
11 83 99
11 84 53
11 85 79
11 86 88
11 87 61
11 89 40
11 93 46
11 94 25
11 96 22
11 99 68
12 13 67
12 15 26
12 16 5
12 19 90
12 20 26
12 21 10
12 23 4
12 24 41
12 25 38
12 28 68
12 30 67
12 31 4
12 32 7
12 33 49
12 34 9
12 35 47
12 37 39
12 40 78
12 41 72
12 42 92
12 44 69
12 45 53
12 46 63
12 48 60
12 49 50
12 51 96
12 53 65
12 54 50
12 61 19
12 63 55
12 65 43
12 66 25
12 67 90
12 70 66
12 71 34
12 73 1
12 75 89
12 76 3
12 77 28
12 79 93
12 80 60
12 82 69
12 83 49
12 84 93
12 85 93
12 86 77
12 87 50
12 89 17
12 92 93
12 93 7
12 95 40
12 96 40
12 97 14
12 98 99
13 16 5
13 17 35
13 18 30
13 19 35
13 20 2
13 23 89
13 25 19
13 27 85
13 28 86
13 29 20
13 30 71
13 31 64
13 32 46
13 35 50
13 38 49
13 39 29
13 40 92
13 43 9
13 44 19
13 45 11
13 47 60
13 49 23
13 50 74
13 51 62
13 52 15
13 53 25
13 54 30
13 56 86
13 57 2
13 58 22
13 59 60
13 60 40
13 61 39
13 65 37
13 66 88
13 67 22
13 70 82
13 71 77
13 73 62
13 74 81
13 76 53
13 77 50
13 78 18
13 80 53
13 81 53
13 85 17
13 86 86
13 87 75
13 88 11
13 89 81
13 92 58
13 93 30
13 94 9
13 95 82
13 96 69
13 97 11
13 99 63
14 15 69
14 19 53
14 20 61
14 21 95
14 22 90
14 23 62
14 24 35
14 25 42
14 26 78
14 27 32
14 30 71
14 31 47
14 33 57
14 34 24
14 35 62
14 36 5
14 37 64
14 41 12
14 42 96
14 43 29
14 46 68
14 47 74
14 49 83
14 52 63
14 53 38
14 55 53
14 56 46
14 61 97
14 62 3
14 63 80
14 64 28
14 65 89
14 66 89
14 68 1
14 71 15
14 72 56
14 73 95
14 74 90
14 76 35
14 77 31
14 78 31
14 79 61
14 84 86
14 85 62
14 86 23
14 90 60
14 91 74
14 92 44
14 93 20
14 95 37
14 96 92
14 99 43
15 16 90
15 17 19
15 18 73
15 21 24
15 22 27
15 23 67
15 24 50
15 25 48
15 26 92
15 28 73
15 29 79
15 30 41
15 32 3
15 34 81
15 35 71
15 38 77
15 39 6
15 40 49
15 41 65
15 42 60
15 46 81
15 47 99
15 48 59
15 51 14
15 53 86
15 54 64
15 55 89
15 58 77
15 59 91
15 60 10
15 61 42
15 62 25
15 63 3
15 66 74
15 67 62
15 69 18
15 70 61
15 71 85
15 72 39
15 73 97
15 74 91
15 75 45
15 78 43
15 79 19
15 80 19
15 81 54
15 83 44
15 85 44
15 86 43
15 87 53
15 88 82
15 89 65
15 90 92
15 91 11
15 92 69
15 94 7
15 95 22
15 96 95
15 97 23
15 98 84
15 99 69
16 19 64
16 22 70
16 26 79
16 27 54
16 28 22
16 29 87
16 30 17
16 31 5
16 36 96
16 37 52
16 39 14
16 43 93
16 44 46
16 47 56
16 49 11
16 50 16
16 52 72
16 54 84
16 57 64
16 58 22
16 59 55
16 61 92
16 62 63
16 63 8
16 65 12
16 66 99
16 67 63
16 69 28
16 70 62
16 71 65
16 73 73
16 75 88
16 76 35
16 78 36
16 80 45
16 82 57
16 83 40
16 84 65
16 85 59
16 87 17
16 89 69
16 90 26
16 91 39
16 93 44
16 95 74
16 96 53
17 19 16
17 20 30
17 21 8
17 22 10
17 24 57
17 26 93
17 27 49
17 28 33
17 29 75
17 32 73
17 33 63
17 35 45
17 37 13
17 38 84
17 39 16
17 41 21
17 43 74
17 46 50
17 49 57
17 50 57
17 53 99
17 54 24
17 56 42
17 57 56
17 58 23
17 59 87
17 63 25
17 64 49
17 65 57
17 66 1
17 68 91
17 70 74
17 72 20
17 74 23
17 75 44
17 77 51
17 78 50
17 79 74
17 80 99
17 81 30
17 83 2
17 88 63
17 89 20
17 90 88
17 92 24
17 93 67
17 94 29
17 95 27
17 96 42
17 97 59
17 98 69
18 23 60
18 24 51
18 27 24
18 29 52
18 32 90
18 33 18
18 35 4
18 36 100
18 37 12
18 38 21
18 39 27
18 40 3
18 42 64
18 44 1
18 45 85
18 46 8
18 47 47
18 51 29
18 52 56
18 55 58
18 57 72
18 58 92
18 60 7
18 61 36
18 62 72
18 63 1
18 64 48
18 65 79
18 67 90
18 68 76
18 69 89
18 71 52
18 73 68
18 74 100
18 75 97
18 76 57
18 77 22
18 78 41
18 79 22
18 82 87
18 83 75
18 85 76
18 86 99
18 89 16
18 90 45
18 91 95
18 93 64
18 94 8
18 98 49
19 21 87
19 23 94
19 24 41
19 26 21
19 27 6
19 31 73
19 34 27
19 36 51
19 37 50
19 38 90
19 41 93
19 42 47
19 43 63
19 44 62
19 46 6
19 47 100
19 49 30
19 50 8
19 54 37
19 55 77
19 56 22
19 58 64
19 61 49
19 62 97
19 63 62
19 64 30
19 65 46
19 67 15
19 68 35
19 69 46
19 70 73
19 71 42
19 72 11
19 73 42
19 76 46
19 79 71
19 81 40
19 82 54
19 83 34
19 85 49
19 86 53
19 88 46
19 89 99
19 90 33
19 91 51
19 92 32
19 93 48
19 94 87
19 95 49
19 96 18
19 97 3
19 98 100
19 99 28
20 21 68
20 25 24
20 26 91
20 27 25
20 28 100
20 30 86
20 31 12
20 32 35
20 35 82
20 36 56
20 37 76
20 39 11
20 40 60
20 41 31
20 44 43
20 45 38
20 46 6
20 47 63
20 49 80
20 50 51
20 51 54
20 55 19
20 58 19
20 63 78
20 65 18
20 66 86
20 67 91
20 69 45
20 70 82
20 71 41
20 72 42
20 73 13
20 76 71
20 77 79
20 78 85
20 79 51
20 80 89
20 82 23
20 84 25
20 85 27
20 86 89
20 87 77
20 91 69
20 92 90
20 95 17
20 96 81
20 97 94
20 99 42
21 22 88
21 24 54
21 25 36
21 28 1
21 29 83
21 30 95
21 31 64
21 32 92
21 33 75
21 34 94
21 35 38
21 36 38
21 38 51
21 39 79
21 40 19
21 41 80
21 42 55
21 43 97
21 45 35
21 47 71
21 48 2
21 49 1
21 50 39
21 53 76
21 54 37
21 57 23
21 58 3
21 59 84
21 60 59
21 62 41
21 64 3
21 67 29
21 68 86
21 69 48
21 70 52
21 71 57
21 72 21
21 74 44
21 78 86
21 79 82
21 81 46
21 82 31
21 84 20
21 85 26
21 86 68
21 89 34
21 90 51
21 92 59
21 97 22
21 98 58
22 23 81
22 24 12
22 26 80
22 28 71
22 29 99
22 30 13
22 32 69
22 33 81
22 37 25
22 39 81
22 41 38
22 42 32
22 44 38
22 46 23
22 49 31
22 51 17
22 53 7
22 54 43
22 56 91
22 59 8
22 60 27
22 63 41
22 64 13
22 67 25
22 69 35
22 70 43
22 72 93
22 73 55
22 74 77
22 75 45
22 76 53
22 81 14
22 82 71
22 83 16
22 84 3
22 85 26
22 86 9
22 87 19
22 88 47
22 89 37
22 92 35
22 95 16
22 96 25
22 99 19
23 24 52
23 26 52
23 29 67
23 31 20
23 32 99
23 34 73
23 39 60
23 40 7
23 41 21
23 42 67
23 43 13
23 44 4
23 45 38
23 47 48
23 49 5
23 50 11
23 51 65
23 52 84
23 55 2
23 58 93
23 59 6
23 60 41
23 62 74
23 64 58
23 65 41
23 67 81
23 68 100
23 69 81
23 70 25
23 75 36
23 76 67
23 77 79
23 78 12
23 79 26
23 80 51
23 81 37
23 82 80
23 83 59
23 84 62
23 85 89
23 86 28
23 87 9
23 88 20
23 89 24
23 90 91
23 91 37
23 92 22
23 93 83
23 94 54
23 97 38
23 98 70
23 99 82
24 25 9
24 26 85
24 28 29
24 31 76
24 32 74
24 33 47
24 34 95
24 36 60
24 40 14
24 41 22
24 44 60
24 47 57
24 50 78
24 55 83
24 58 80
24 61 22
24 62 37
24 63 9
24 64 57
24 66 66
24 67 83
24 68 96
24 69 73
24 72 72
24 75 17
24 77 10
24 79 93
24 80 1
24 82 28
24 83 8
24 84 19
24 85 6
24 88 74
24 89 9
24 90 80
24 91 35
24 92 52
24 93 54
24 94 95
24 96 5
24 97 12
24 98 4
25 27 69
25 28 79
25 29 31
25 30 37
25 31 90
25 33 50
25 34 35
25 36 9
25 38 18
25 39 39
25 40 68
25 41 91
25 42 25
25 43 69
25 44 3
25 45 17
25 46 53
25 47 85
25 49 12
25 50 48
25 51 12
25 52 94
25 53 84
25 55 52
25 56 95
25 59 75
25 60 27
25 64 91
25 65 99
25 66 72
25 68 29
25 69 43
25 70 73
25 72 97
25 74 51
25 75 54
25 77 85
25 79 16
25 86 5
25 87 78
25 88 80
25 91 61
25 92 73
25 93 39
25 97 88
25 98 62
26 27 11
26 29 99
26 30 1
26 31 47
26 35 56
26 36 48
26 37 6
26 38 25
26 39 46
26 40 67
26 41 81
26 43 29
26 45 94
26 46 56
26 47 78
26 48 77
26 49 65
26 50 26
26 51 96
26 52 14
26 54 4
26 56 50
26 58 72
26 60 40
26 61 16
26 62 5
26 63 73
26 66 40
26 67 77
26 68 47
26 70 97
26 71 32
26 72 12
26 73 29
26 78 83
26 83 1
26 84 59
26 85 76
26 86 69
26 87 88
26 88 22
26 89 40
26 90 81
26 91 40
26 95 31
26 96 68
26 97 27
27 31 20
27 32 86
27 33 77
27 34 48
27 35 20
27 39 60
27 41 17
27 47 86
27 49 44
27 53 72
27 54 17
27 55 6
27 56 36
27 57 65
27 58 97
27 61 55
27 62 42
27 63 41
27 65 34
27 66 100
27 68 51
27 69 48
27 70 56
27 71 4
27 72 65
27 73 8
27 75 78
27 76 8
27 77 8
27 78 6
27 79 47
27 83 62
27 84 21
27 85 8
27 87 11
27 88 48
27 89 86
27 90 3
27 91 38
27 93 10
27 94 100
27 96 93
28 29 77
28 30 100
28 32 47
28 33 13
28 34 12
28 36 95
28 37 60
28 38 42
28 39 15
28 41 36
28 44 13
28 46 2
28 47 19
28 48 27
28 49 66
28 50 42
28 51 95
28 52 40
28 54 62
28 56 35
28 57 34
28 59 69
28 61 32
28 64 87
28 65 61
28 67 30
28 68 60
28 71 61
28 74 63
28 75 24
28 77 75
28 79 57
28 80 92
28 84 12
28 86 83
28 87 48
28 89 66
28 93 19
28 95 58
28 96 86
28 97 57
29 30 64
29 31 6
29 36 49
29 37 14
29 38 91
29 39 75
29 41 13
29 42 82
29 45 17
29 46 63
29 47 31
29 48 24
29 49 9
29 50 50
29 52 24
29 53 42
29 55 16
29 56 6
29 60 27
29 62 67
29 63 33
29 64 42
29 66 34
29 67 30
29 69 49
29 71 67
29 73 31
29 76 8
29 77 28
29 78 32
29 79 67
29 81 77
29 83 90
29 84 1
29 86 85
29 87 27
29 88 22
29 89 18
29 92 96
29 93 21
29 94 32
29 97 28
29 99 79
30 31 99
30 35 70
30 36 69
30 37 79
30 38 100
30 40 20
30 41 89
30 42 2
30 43 50
30 44 35
30 45 100
30 47 53
30 48 44
30 49 75
30 50 21
30 53 89
30 54 88
30 55 45
30 56 79
30 57 3
30 60 44
30 62 23
30 63 86
30 64 13
30 66 5
30 69 49
30 70 33
30 71 12
30 72 55
30 73 9
30 77 31
30 78 26
30 79 65
30 80 41
30 81 6
30 83 48
30 84 79
30 86 40
30 92 71
30 95 67
30 97 82
30 98 31
31 32 62
31 33 35
31 36 31
31 38 32
31 39 61
31 43 73
31 44 6
31 45 16
31 47 37
31 48 49
31 50 12
31 52 63
31 53 40
31 54 94
31 55 45
31 57 57
31 58 21
31 59 62
31 60 13
31 66 68
31 67 89
31 71 71
31 74 91
31 75 35
31 76 42
31 77 50
31 82 11
31 83 89
31 84 56
31 85 85
31 86 28
31 87 84
31 89 77
31 90 36
31 91 94
31 95 49
31 96 29
32 33 13
32 34 68
32 35 28
32 37 87
32 38 84
32 39 93
32 40 8
32 41 10
32 42 82
32 43 36
32 44 68
32 45 24
32 48 19
32 49 4
32 52 87
32 54 85
32 55 62
32 56 46
32 57 34
32 59 32
32 60 17
32 62 21
32 66 77
32 67 38
32 68 32
32 71 55
32 72 83
32 73 26
32 74 25
32 78 54
32 80 30
32 82 30
32 84 94
32 85 38
32 87 33
32 88 36
32 90 76
32 91 13
32 96 77
32 97 69
32 98 75
32 99 71
33 36 70
33 38 35
33 40 67
33 41 71
33 45 81
33 47 51
33 48 55
33 49 53
33 50 13
33 51 94
33 53 47
33 54 16
33 57 2
33 58 57
33 59 95
33 61 43
33 63 1
33 65 92
33 68 32
33 70 27
33 71 46
33 74 63
33 77 39
33 78 89
33 79 70
33 82 43
33 84 50
33 85 98
33 86 73
33 87 61
33 90 62
33 91 30
33 94 99
33 95 40
33 96 95
33 97 8
33 98 39
34 35 41
34 36 96
34 37 62
34 38 14
34 40 22
34 42 9
34 43 87
34 45 46
34 46 14
34 47 26
34 48 19
34 49 60
34 50 62
34 51 57
34 56 8
34 59 59
34 61 63
34 62 93
34 63 92
34 64 91
34 66 90
34 67 34
34 68 20
34 69 98
34 70 74
34 74 67
34 77 44
34 78 57
34 80 75
34 81 23
34 82 65
34 89 6
34 91 48
34 92 82
34 96 69
34 97 72
34 98 43
35 37 79
35 40 85
35 41 22
35 42 31
35 43 28
35 44 35
35 45 67
35 47 47
35 48 55
35 49 71
35 50 6
35 52 96
35 55 46
35 58 14
35 60 3
35 62 51
35 64 84
35 65 20
35 66 65
35 67 8
35 69 36
35 71 69
35 74 9
35 76 31
35 80 28
35 81 96
35 83 24
35 84 82
35 85 30
35 87 74
35 89 50
35 90 44
35 91 11
35 92 27
35 93 10
35 94 78
35 95 47
35 96 1
35 97 95
35 98 67
36 37 37
36 38 3
36 41 16
36 42 71
36 45 80
36 48 72
36 51 43
36 52 73
36 53 86
36 54 75
36 55 64
36 57 64
36 58 78
36 65 36
36 66 40
36 67 3
36 68 39
36 69 33
36 70 58
36 71 40
36 72 77
36 73 40
36 74 53
36 75 23
36 77 42
36 79 6
36 81 30
36 82 41
36 83 90
36 84 39
36 85 95
36 86 14
36 87 44
36 89 55
36 92 15
36 94 50
36 96 53
36 98 56
36 99 79
37 40 4
37 41 48
37 43 60
37 44 48
37 45 84
37 46 42
37 48 3
37 49 66
37 50 83
37 51 14
37 52 19
37 54 76
37 55 42
37 56 31
37 57 96
37 62 17
37 63 47
37 65 33
37 67 39
37 68 69
37 69 50
37 70 60
37 71 15
37 73 15
37 74 43
37 75 48
37 78 64
37 80 6
37 82 3
37 83 36
37 85 2
37 86 71
37 87 3
37 89 8
37 91 22
37 93 79
38 39 55
38 40 87
38 43 85
38 46 60
38 47 94
38 50 69
38 51 31
38 52 71
38 53 76
38 54 41
38 55 78
38 58 1
38 61 44
38 62 17
38 63 90
38 64 3
38 65 41
38 66 55
38 70 21
38 72 41
38 73 60
38 76 81
38 77 41
38 79 57
38 82 18
38 83 59
38 84 87
38 87 66
38 88 10
38 89 50
38 91 73
38 93 30
38 94 85
38 95 18
38 98 66
38 99 92
39 40 32
39 41 95
39 42 77
39 44 82
39 45 36
39 50 94
39 53 100
39 54 67
39 56 93
39 58 40
39 59 37
39 62 18
39 63 39
39 64 38
39 65 10
39 66 76
39 68 61
39 70 38
39 72 95
39 76 76
39 78 42
39 84 48
39 85 100
39 86 84
39 89 38
39 91 65
39 92 34
39 93 27
39 97 49
39 99 46
40 41 59
40 44 20
40 45 70
40 47 35
40 48 52
40 50 58
40 53 58
40 56 20
40 57 15
40 59 23
40 60 6
40 61 5
40 64 11
40 67 81
40 68 100
40 69 50
40 70 62
40 72 66
40 73 10
40 74 66
40 75 2
40 77 84
40 78 61
40 79 41
40 81 77
40 83 17
40 84 27
40 85 27
40 86 86
40 87 67
40 88 27
40 90 62
40 92 93
40 94 95
40 96 1
40 97 32
40 98 66
41 42 15
41 43 51
41 46 80
41 48 67
41 49 53
41 51 55
41 52 84
41 54 32
41 57 6
41 58 4
41 59 100
41 61 9
41 62 54
41 63 60
41 65 49
41 66 53
41 70 86
41 73 52
41 74 33
41 75 12
41 76 38
41 77 23
41 78 67
41 79 85
41 80 25
41 81 60
41 84 4
41 86 71
41 87 69
41 92 1
41 93 74
41 95 56
41 96 91
41 97 13
41 98 53
42 44 54
42 45 21
42 47 99
42 49 30
42 50 5
42 51 70
42 53 53
42 54 59
42 56 58
42 62 85
42 63 81
42 64 42
42 65 52
42 67 24
42 70 16
42 72 67
42 73 44
42 76 97
42 77 49
42 80 86
42 82 8
42 84 10
42 85 9
42 86 34
42 87 41
42 89 22
42 91 34
42 94 24
42 97 54
42 98 95
43 44 55
43 48 100
43 49 31
43 50 75
43 51 71
43 52 7
43 54 55
43 55 21
43 56 82
43 57 13
43 58 49
43 59 49
43 60 38
43 61 38
43 63 27
43 64 42
43 65 92
43 67 63
43 68 14
43 70 54
43 71 32
43 72 25
43 73 3
43 74 47
43 75 91
43 76 6
43 80 68
43 81 29
43 82 67
43 84 43
43 85 80
43 86 30
43 87 44
43 89 97
43 91 91
43 94 9
43 95 96
43 96 10
43 97 72
43 99 96
44 45 90
44 46 45
44 47 52
44 48 54
44 50 9
44 52 41
44 53 44
44 55 22
44 56 46
44 59 48
44 63 43
44 65 74
44 66 7
44 67 31
44 68 84
44 69 33
44 74 30
44 76 63
44 77 84
44 78 42
44 80 15
44 81 25
44 82 32
44 83 14
44 85 38
44 87 65
44 88 46
44 89 96
44 91 60
44 92 57
44 94 66
44 97 76
44 99 63
45 47 57
45 50 83
45 53 6
45 54 17
45 57 5
45 59 42
45 61 11
45 62 24
45 64 56
45 65 19
45 67 88
45 68 81
45 69 10
45 70 56
45 71 3
45 73 99
45 74 72
45 78 81
45 79 92
45 80 62
45 83 19
45 84 52
45 86 14
45 87 38
45 90 34
45 91 41
45 92 17
45 94 25
45 95 75
45 96 35
45 99 98
46 47 78
46 50 79
46 51 37
46 54 95
46 55 20
46 58 60
46 60 99
46 62 52
46 63 90
46 66 68
46 67 63
46 69 17
46 71 31
46 72 53
46 73 94
46 75 1
46 78 83
46 79 87
46 81 72
46 83 3
46 84 21
46 85 50
46 87 6
46 89 43
46 90 51
46 91 78
46 92 56
46 97 3
46 98 74
47 48 57
47 50 86
47 52 7
47 53 70
47 55 48
47 56 21
47 58 38
47 59 49
47 61 39
47 64 44
47 65 53
47 66 4
47 68 93
47 70 16
47 72 17
47 75 9
47 77 51
47 78 100
47 79 42
47 85 42
47 86 12
47 91 52
47 92 95
47 94 29
47 95 46
47 96 13
47 97 89
47 98 57
47 99 60
48 49 72
48 52 21
48 53 55
48 55 60
48 57 29
48 60 69
48 61 87
48 62 87
48 65 46
48 71 79
48 72 83
48 73 41
48 76 98
48 78 85
48 80 20
48 81 89
48 83 74
48 84 74
48 86 72
48 88 99
48 89 44
48 90 20
48 91 1
48 92 66
48 93 17
48 95 61
48 97 48
48 98 88
48 99 82
49 51 99
49 53 57
49 54 58
49 56 26
49 58 26
49 59 44
49 60 13
49 64 45
49 65 22
49 66 69
49 68 40
49 69 10
49 70 83
49 72 24
49 73 31
49 75 17
49 79 27
49 81 91
49 84 66
49 86 21
49 88 68
49 89 27
49 90 15
49 91 69
49 92 96
49 93 21
49 96 93
49 97 31
50 52 7
50 54 55
50 55 74
50 57 79
50 58 37
50 59 48
50 63 8
50 65 70
50 66 47
50 67 19
50 71 29
50 72 73
50 73 82
50 74 51
50 75 74
50 76 23
50 78 73
50 80 54
50 81 81
50 82 14
50 83 47
50 84 80
50 86 67
50 87 10
50 90 20
50 92 44
50 93 58
50 95 98
50 97 19
50 98 31
50 99 55
51 52 70
51 53 41
51 54 6
51 55 33
51 60 35
51 62 42
51 63 15
51 64 3
51 67 76
51 68 14
51 70 82
51 71 71
51 72 97
51 73 80
51 75 78
51 77 74
51 78 75
51 80 60
51 81 71
51 83 44
51 86 1
51 89 69
51 91 1
51 92 94
51 93 19
51 94 49
51 95 43
51 96 37
51 98 82
52 54 64
52 55 14
52 57 100
52 58 14
52 60 31
52 61 46
52 65 39
52 66 95
52 69 62
52 71 68
52 72 67
52 73 77
52 74 75
52 75 77
52 77 18
52 78 81
52 82 29
52 84 78
52 85 18
52 86 13
52 87 67
52 89 35
52 90 55
52 91 52
52 92 71
52 94 28
52 95 12
52 96 70
52 98 58
52 99 14
53 55 85
53 57 73
53 59 65
53 60 12
53 61 1
53 63 27
53 64 53
53 65 25
53 66 62
53 72 42
53 76 69
53 77 21
53 78 45
53 80 88
53 82 88
53 83 70
53 84 89
53 85 88
53 86 71
53 87 63
53 88 47
53 89 20
53 90 46
53 96 47
53 97 59
53 98 35
54 55 83
54 57 33
54 60 96
54 62 35
54 65 50
54 66 49
54 68 60
54 69 67
54 70 43
54 72 15
54 74 4
54 77 74
54 79 20
54 80 75
54 83 73
54 85 47
54 86 21
54 88 58
54 89 73
54 90 5
54 91 74
54 93 2
54 96 2
54 97 75
55 56 18
55 57 37
55 61 76
55 62 63
55 63 50
55 64 52
55 67 91
55 68 78
55 70 69
55 71 54
55 73 24
55 75 72
55 76 3
55 77 77
55 79 28
55 80 4
55 81 67
55 85 44
55 86 85
55 87 7
55 91 86
55 92 28
55 93 25
55 94 37
55 95 41
55 97 22
56 57 71
56 58 64
56 60 94
56 61 8
56 63 45
56 67 92
56 70 93
56 71 29
56 73 8
56 74 99
56 75 88
56 77 50
56 79 85
56 80 15
56 81 89
56 82 95
56 83 23
56 85 85
56 86 47
56 87 51
56 88 36
56 89 74
56 91 31
56 92 27
56 93 37
56 94 100
56 95 90
56 96 56
56 97 97
56 98 38
56 99 5
57 58 40
57 59 43
57 60 74
57 61 31
57 62 31
57 64 42
57 71 47
57 74 43
57 76 7
57 78 59
57 79 26
57 81 69
57 82 20
57 83 87
57 87 12
57 89 41
57 91 31
57 92 82
57 93 12
57 95 37
57 98 72
58 59 95
58 61 96
58 62 42
58 64 74
58 67 65
58 69 96
58 70 5
58 71 78
58 72 32
58 74 37
58 75 7
58 76 100
58 79 66
58 80 11
58 81 53
58 83 85
58 86 44
58 87 86
58 89 48
58 90 30
58 91 20
58 92 66
58 93 82
58 94 6
58 96 35
58 99 71
59 62 11
59 64 62
59 65 20
59 69 53
59 70 18
59 71 32
59 72 30
59 73 75
59 74 51
59 76 47
59 80 43
59 81 45
59 83 79
59 84 31
59 86 34
59 88 63
59 89 19
59 90 20
59 91 100
59 92 60
59 93 22
59 94 96
59 95 43
59 96 14
59 98 43
59 99 100
60 61 36
60 62 49
60 63 19
60 64 67
60 65 83
60 68 18
60 69 64
60 71 57
60 72 8
60 73 30
60 75 12
60 79 56
60 80 75
60 81 68
60 84 51
60 85 7
60 87 79
60 88 90
60 90 73
60 91 24
60 93 58
60 94 84
60 95 59
60 96 81
60 97 61
60 98 34
61 62 88
61 64 45
61 65 79
61 67 50
61 69 10
61 73 19
61 74 16
61 76 22
61 79 29
61 80 46
61 82 14
61 83 25
61 84 28
61 85 37
61 88 47
61 89 4
61 91 30
61 92 32
61 93 8
61 94 8
61 97 22
61 98 53
62 63 66
62 65 35
62 66 19
62 68 31
62 69 3
62 70 66
62 71 29
62 72 98
62 76 91
62 78 49
62 79 56
62 80 65
62 83 87
62 85 29
62 86 14
62 88 99
62 89 79
62 90 88
62 92 41
62 95 71
62 96 15
62 97 57
62 98 10
63 65 19
63 66 91
63 69 95
63 71 71
63 72 66
63 73 83
63 74 85
63 76 18
63 79 17
63 81 8
63 83 48
63 85 10
63 86 59
63 88 96
63 89 33
63 95 48
63 97 69
63 99 10
64 65 89
64 66 15
64 68 38
64 70 30
64 72 55
64 76 72
64 77 60
64 79 12
64 80 85
64 82 13
64 85 79
64 86 24
64 88 71
64 90 51
64 91 85
64 92 86
64 93 94
64 95 94
64 96 79
64 97 35
64 99 67
65 66 7
65 70 3
65 71 83
65 72 41
65 74 54
65 75 55
65 76 55
65 77 83
65 78 16
65 82 88
65 86 87
65 88 94
65 89 76
65 90 35
65 91 6
65 92 55
65 93 14
65 94 19
65 96 54
65 97 12
65 99 66
66 69 84
66 70 51
66 71 6
66 73 67
66 74 67
66 76 89
66 79 13
66 80 35
66 81 43
66 83 49
66 85 57
66 86 76
66 87 14
66 89 61
66 91 61
66 92 20
66 94 41
66 95 76
66 96 55
66 97 91
66 99 75
67 68 4
67 69 37
67 70 70
67 71 10
67 72 21
67 73 33
67 74 85
67 78 10
67 79 69
67 82 49
67 87 11
67 88 57
67 90 93
67 92 69
67 93 1
67 96 62
67 97 58
67 98 9
67 99 53
68 71 80
68 73 8
68 74 18
68 76 47
68 77 66
68 78 40
68 79 2
68 81 13
68 82 56
68 83 7
68 84 17
68 85 83
68 87 64
68 88 93
68 91 56
68 92 100
68 95 3
68 96 29
68 99 100
69 70 21
69 71 18
69 72 58
69 75 30
69 76 96
69 77 3
69 78 79
69 79 23
69 81 50
69 82 49
69 83 35
69 84 27
69 85 26
69 87 69
69 88 38
69 89 100
69 90 17
69 91 38
69 92 47
69 93 37
69 95 50
69 97 63
70 71 92
70 72 47
70 73 54
70 75 78
70 77 53
70 79 85
70 80 23
70 81 33
70 84 3
70 89 62
70 91 98
70 92 42
70 93 21
70 94 77
70 97 22
71 72 81
71 74 82
71 77 16
71 78 69
71 79 29
71 82 16
71 84 81
71 85 15
71 87 6
71 88 26
71 90 1
71 91 39
71 92 43
71 94 13
71 95 87
71 96 81
71 97 54
71 98 34
71 99 1
72 74 74
72 76 51
72 77 96
72 78 93
72 83 44
72 84 82
72 86 81
72 87 84
72 88 72
72 96 47
73 74 53
73 75 50
73 76 8
73 79 23
73 81 33
73 82 99
73 83 47
73 84 13
73 88 32
73 90 70
73 91 39
73 92 13
73 93 45
73 95 7
73 96 26
73 98 38
73 99 7
74 75 48
74 77 93
74 78 57
74 79 66
74 81 14
74 82 96
74 85 83
74 88 10
74 89 57
74 90 100
74 91 56
74 92 16
74 96 38
74 97 44
74 99 23
75 76 75
75 77 86
75 78 16
75 80 61
75 82 13
75 83 61
75 84 87
75 86 30
75 87 59
75 88 87
75 89 57
75 91 14
75 93 14
75 95 56
75 96 60
75 97 63
75 99 36
76 78 4
76 80 14
76 81 63
76 82 75
76 83 99
76 84 95
76 85 89
76 86 100
76 89 65
76 90 57
76 91 17
76 92 68
76 93 3
76 95 49
76 96 12
76 98 82
76 99 2
77 80 54
77 84 73
77 87 1
77 88 72
77 89 79
77 90 1
77 91 79
77 93 68
77 94 53
77 97 2
77 98 37
78 80 75
78 82 78
78 83 17
78 84 71
78 87 9
78 89 9
78 92 28
78 93 5
78 96 96
78 98 48
78 99 53
79 83 24
79 86 50
79 87 60
79 88 86
79 89 100
79 92 20
79 93 29
79 95 78
79 96 49
79 97 99
80 81 12
80 82 92
80 83 91
80 86 3
80 87 15
80 93 68
80 95 25
80 96 85
80 98 6
80 99 33
81 85 46
81 86 66
81 87 5
81 91 73
81 93 6
81 94 83
81 96 18
81 98 11
81 99 12
82 83 34
82 84 43
82 87 69
82 88 69
82 89 54
82 91 93
82 92 70
82 95 53
82 96 40
82 97 58
82 98 19
82 99 94
83 84 65
83 85 31
83 90 16
83 91 9
83 93 50
83 95 61
83 96 33
83 98 76
83 99 68
84 85 11
84 86 8
84 87 95
84 88 80
84 90 73
84 91 41
84 93 8
84 94 51
84 96 49
84 97 39
85 86 32
85 87 42
85 88 98
85 90 89
85 92 27
85 93 80
85 94 66
85 95 26
85 96 53
85 97 23
85 99 1
86 87 62
86 88 23
86 89 72
86 90 40
86 91 13
86 92 78
86 95 65
86 97 22
86 98 98
87 88 58
87 89 73
87 90 49
87 91 69
87 92 60
87 93 71
87 95 38
87 96 12
87 97 83
87 99 68
88 90 11
88 91 88
88 92 13
88 93 34
88 94 14
88 95 53
88 97 65
89 90 100
89 91 14
89 92 7
89 94 93
89 96 46
90 91 72
90 94 73
90 95 25
90 96 46
90 97 94
90 98 97
90 99 23
91 92 48
91 93 30
91 95 83
91 97 31
91 99 85
92 93 60
92 94 7
92 96 25
93 94 88
93 95 70
93 96 43
93 99 45
94 96 67
94 97 43
94 98 88
94 99 73
95 96 93
95 99 70
96 97 31
96 98 8
97 99 68
