1000 5035
0 78 64
0 154 27
0 173 24
0 191 65
0 224 1
0 321 24
0 363 48
0 559 71
0 613 42
0 629 68
0 630 80
0 657 54
0 763 65
0 815 80
0 863 72
0 884 72
1 243 56
1 343 3
1 390 30
1 414 91
1 426 96
1 611 94
1 642 23
1 725 40
1 781 52
1 796 28
1 827 96
1 831 75
1 890 13
2 155 1
2 215 27
2 237 22
2 244 87
2 561 16
2 564 44
2 660 12
2 862 79
2 869 57
2 918 15
2 951 2
2 981 60
3 34 61
3 64 49
3 92 44
3 108 6
3 126 29
3 128 39
3 136 34
3 155 26
3 358 81
3 417 63
3 680 35
3 746 61
3 886 95
4 176 72
4 252 9
4 435 94
4 770 40
4 788 78
4 801 10
4 895 8
5 369 29
5 454 79
5 478 66
5 514 85
5 650 62
5 673 54
5 747 60
5 756 25
5 843 45
6 239 79
6 476 88
6 566 88
6 568 78
6 578 64
6 592 69
6 644 44
7 24 63
7 146 96
7 250 72
7 404 47
7 518 70
7 520 77
7 534 67
7 624 29
7 643 63
7 672 24
7 752 11
7 795 55
8 78 99
8 169 46
8 200 63
8 206 42
8 209 88
8 381 84
8 458 15
8 613 26
8 876 58
8 889 93
8 994 84
9 12 84
9 122 70
9 157 83
9 195 4
9 230 56
9 265 53
9 351 47
9 371 17
9 503 25
9 555 13
9 612 40
9 653 13
9 727 32
9 990 63
10 168 52
10 230 83
10 346 92
10 417 81
10 538 76
10 670 96
10 686 98
10 687 1
10 713 81
10 849 8
10 983 29
11 84 23
11 174 58
11 209 87
11 405 17
11 449 55
11 471 12
11 873 76
11 947 63
11 974 40
12 61 30
12 388 32
12 556 80
12 668 56
12 698 70
12 857 9
13 74 88
13 107 85
13 211 37
13 437 36
13 553 47
13 562 14
13 671 23
13 706 57
13 792 90
13 865 37
14 56 47
14 82 19
14 108 91
14 514 56
14 610 70
15 232 5
15 254 34
15 255 16
15 356 94
15 408 50
15 491 30
15 515 84
15 520 36
15 566 24
15 611 18
15 676 53
15 707 44
15 947 34
16 17 39
16 58 33
16 64 11
16 334 44
16 363 84
16 420 23
16 839 30
16 895 57
17 222 83
17 433 37
17 586 86
17 615 28
17 628 69
17 647 6
17 648 23
17 688 39
17 853 51
17 920 32
18 387 60
18 479 9
18 507 15
18 515 2
19 94 99
19 249 51
19 271 10
19 384 33
19 568 8
19 569 37
19 648 30
19 825 69
19 886 32
19 956 17
19 963 49
19 979 55
20 124 26
20 252 15
20 303 69
20 325 93
20 408 62
20 442 84
20 539 100
20 565 37
20 648 69
20 713 67
20 727 17
20 785 8
20 845 17
20 858 75
21 38 33
21 197 16
21 336 81
21 398 6
21 424 8
21 605 80
21 654 58
21 716 66
21 872 93
22 105 96
22 234 15
22 421 3
22 530 20
22 620 47
22 669 89
22 883 99
22 965 37
23 39 17
23 204 84
23 230 66
23 352 29
23 382 67
23 460 28
23 478 19
23 527 71
23 783 89
23 808 61
23 841 29
23 852 42
23 863 18
24 71 19
24 142 70
24 147 93
24 186 85
24 318 87
24 435 92
24 493 24
24 552 88
24 612 36
24 731 83
24 764 41
24 841 15
25 48 58
25 236 42
25 249 19
25 275 36
25 378 50
25 424 81
25 477 98
25 688 97
25 854 2
25 925 62
26 66 7
26 87 64
26 175 25
26 200 94
26 497 14
26 691 6
26 720 78
26 850 82
26 924 81
26 956 38
27 120 14
27 131 51
27 240 16
27 280 72
27 573 80
27 575 6
27 603 15
27 723 78
27 777 91
27 801 55
27 815 54
27 920 58
27 929 35
28 53 95
28 262 22
28 266 36
28 754 29
28 853 31
28 915 49
29 197 31
29 244 62
29 250 83
29 385 8
29 455 35
29 587 63
29 693 98
29 791 60
30 76 17
30 353 68
30 479 52
30 533 87
30 616 85
30 628 4
30 672 6
30 834 56
31 50 98
31 67 8
31 111 23
31 343 19
31 383 33
31 469 92
31 475 34
31 666 41
31 721 71
31 968 51
32 50 91
32 121 60
32 200 33
32 211 8
32 274 42
32 637 42
32 854 54
32 902 90
32 924 67
32 948 2
33 219 90
33 424 76
33 579 76
33 641 13
33 819 98
33 842 84
34 155 76
34 303 84
34 394 41
34 483 45
34 611 60
34 752 74
34 777 21
34 837 50
34 954 97
34 970 31
35 185 82
35 248 95
35 377 76
35 521 18
35 584 8
35 696 10
35 852 59
36 156 97
36 184 54
36 533 23
36 838 71
36 885 79
36 930 61
36 966 3
37 216 39
37 309 27
37 424 94
37 490 100
37 568 93
37 788 14
37 855 32
37 879 59
37 905 87
37 956 38
38 120 4
38 363 77
38 394 50
38 463 97
38 528 76
38 591 51
38 678 85
38 705 49
38 750 21
38 871 33
38 905 13
39 291 97
39 293 86
39 314 36
39 470 32
39 492 34
39 496 75
39 501 87
39 597 93
39 598 46
39 709 3
40 235 47
40 348 62
40 379 74
40 478 15
40 481 3
40 695 96
40 806 47
40 835 9
41 106 92
41 144 74
41 241 72
41 292 84
41 449 89
41 623 50
41 804 33
41 859 32
42 114 52
42 147 74
42 346 23
42 361 8
42 611 41
42 638 76
42 826 21
42 867 54
42 967 23
42 988 2
43 177 53
43 226 92
43 342 28
43 363 18
43 482 77
43 794 15
43 881 25
43 941 81
44 100 82
44 151 73
44 172 44
44 362 79
44 371 73
44 393 75
44 405 36
44 535 94
44 776 50
44 809 18
44 950 33
45 290 39
45 379 39
45 390 75
45 473 94
45 592 44
45 790 39
46 474 64
46 529 91
46 560 14
46 649 71
46 786 56
46 898 5
47 246 84
47 390 72
47 625 35
47 693 5
47 756 14
47 797 28
47 859 79
47 885 77
47 972 37
48 61 88
48 103 97
48 116 94
48 301 8
48 407 25
48 675 70
48 716 67
48 856 6
49 176 2
49 503 55
49 635 80
49 689 92
49 820 92
49 897 61
49 930 78
49 936 57
50 62 18
50 93 32
50 117 34
50 138 66
50 325 12
50 402 18
50 506 72
50 533 54
50 674 85
50 817 63
50 818 31
50 831 5
51 53 75
51 76 50
51 363 41
51 468 30
51 536 96
51 563 10
51 662 5
51 817 59
51 973 23
52 181 33
52 256 75
52 452 86
52 469 27
52 665 64
52 739 13
52 796 81
52 861 100
52 946 30
53 117 80
53 195 83
53 337 39
53 380 94
53 640 54
53 703 48
53 754 1
53 781 65
53 880 95
53 906 40
53 927 81
54 396 63
54 489 94
54 543 44
54 648 85
54 662 46
54 737 71
54 744 71
54 798 25
54 879 20
54 944 42
55 202 72
55 223 46
55 566 95
55 587 41
55 628 74
55 848 50
55 867 31
56 165 70
56 191 6
56 603 28
56 972 14
57 113 11
57 302 84
57 529 54
57 558 74
57 573 67
57 811 35
57 828 44
57 876 90
57 893 8
57 965 65
58 133 97
58 145 76
58 269 11
58 346 45
58 430 12
58 520 74
58 597 94
58 666 97
58 993 48
59 63 53
59 71 27
59 88 71
59 209 63
59 210 4
59 219 72
59 224 58
59 244 49
59 324 7
59 432 69
59 433 55
59 587 96
59 640 4
59 661 93
59 667 25
59 734 42
59 764 40
59 790 41
59 803 56
59 818 61
59 831 2
59 860 56
59 915 57
60 357 54
60 452 38
60 579 52
60 646 19
60 769 71
60 796 53
60 854 43
60 987 27
60 988 56
61 138 17
61 337 40
61 345 85
61 415 91
61 507 82
61 550 5
61 692 73
61 864 49
61 903 63
61 912 45
62 66 99
62 120 78
62 244 34
62 287 42
62 518 69
62 839 48
62 871 30
62 892 92
63 280 33
63 315 72
63 357 23
63 707 84
63 906 82
63 948 60
64 442 79
64 606 14
64 745 79
65 70 6
65 249 66
65 278 6
65 407 31
65 421 52
65 477 46
65 544 63
65 597 1
65 644 57
65 737 8
65 791 38
65 854 55
65 862 52
66 247 1
66 366 83
66 526 84
66 549 67
66 588 99
66 679 92
66 804 40
67 189 91
67 322 100
67 400 36
67 504 49
67 563 90
67 600 93
67 620 90
67 843 43
68 94 39
68 158 84
68 227 68
68 494 33
68 718 82
68 925 52
69 133 18
69 141 62
69 283 26
69 368 5
69 526 47
69 777 95
70 84 5
70 341 29
70 606 35
70 648 99
70 678 40
70 899 88
70 952 24
70 972 99
71 199 42
71 320 6
71 328 81
71 352 32
71 490 5
71 582 93
71 594 46
71 637 42
71 870 37
71 875 41
72 115 19
72 134 18
72 320 56
72 580 69
72 641 26
72 955 26
73 173 47
73 193 3
73 194 5
73 208 35
73 515 1
73 748 3
73 881 30
74 171 43
74 369 11
74 526 94
74 583 79
75 112 6
75 214 94
75 239 8
75 241 42
75 319 79
75 357 64
75 360 7
75 744 83
76 121 29
76 122 36
76 138 23
76 152 47
76 229 26
76 559 74
76 642 7
76 811 47
77 162 33
77 279 35
77 449 51
77 521 18
77 555 50
77 576 98
77 687 96
77 702 77
77 719 45
77 774 61
77 811 40
77 818 91
77 905 34
78 84 28
78 277 68
78 596 69
78 746 68
79 264 54
79 356 25
79 387 92
79 392 96
79 612 12
79 816 29
79 883 76
80 131 26
80 236 37
80 387 97
80 399 18
80 443 77
80 614 98
80 646 96
80 858 98
81 116 35
81 216 82
81 311 38
81 328 10
81 512 91
81 541 48
81 575 32
81 668 21
81 702 37
81 714 63
81 846 91
81 950 27
81 977 41
82 156 93
82 174 28
82 462 28
82 474 5
82 503 52
82 504 58
82 580 45
82 683 18
82 777 73
82 866 83
82 890 55
82 983 42
83 175 23
83 226 57
83 665 32
83 710 80
83 902 90
83 939 74
83 953 24
83 964 70
84 184 27
84 224 3
84 278 68
84 281 44
84 366 97
84 395 70
84 458 13
84 524 34
84 697 45
84 732 49
84 742 12
84 872 59
85 297 40
85 349 40
85 516 23
85 535 27
85 555 19
85 586 63
85 658 61
85 670 67
85 875 21
85 917 65
86 259 4
86 400 22
86 543 89
86 691 17
86 748 93
87 411 99
87 425 47
87 578 16
87 702 73
87 830 48
87 839 98
88 117 73
88 166 58
88 232 74
88 384 69
88 498 4
88 660 61
88 748 78
89 243 64
89 275 79
89 321 44
89 394 92
89 548 85
89 622 37
89 774 19
89 783 78
89 861 53
89 982 31
90 115 31
90 127 10
90 206 93
90 283 40
90 352 86
90 496 87
90 554 11
90 574 14
90 835 40
90 969 18
91 98 57
91 150 56
91 203 44
91 324 76
91 377 34
91 466 3
91 484 20
91 550 60
91 582 28
91 623 31
91 689 58
91 754 84
91 770 96
91 815 52
91 831 58
91 989 20
92 241 37
92 285 23
92 322 82
92 386 58
92 410 20
92 658 60
92 826 19
92 949 16
93 162 29
93 167 27
93 187 67
93 188 10
93 254 49
93 344 47
93 391 92
93 790 16
93 829 44
93 990 100
94 145 6
94 263 1
94 361 32
94 505 5
94 512 61
94 613 37
94 740 88
94 777 68
94 791 34
95 396 70
95 551 7
95 563 69
95 792 22
96 157 18
96 207 96
96 425 20
96 530 74
96 605 90
96 621 21
96 622 10
96 661 71
96 704 29
96 743 78
96 745 99
96 842 75
96 844 100
96 906 91
96 915 42
96 936 82
97 252 79
97 304 94
97 314 68
97 414 97
97 496 16
97 550 2
97 563 44
97 643 4
97 843 48
97 931 5
97 943 8
98 170 48
98 343 24
98 420 84
98 506 49
98 615 22
98 790 94
98 828 34
98 829 71
98 843 61
98 992 39
99 247 25
99 545 54
99 734 21
99 992 31
100 116 22
100 151 77
100 176 42
100 430 99
100 447 9
100 502 48
100 642 87
100 662 38
100 703 14
100 861 57
100 886 81
100 944 93
100 951 89
101 269 47
101 276 51
101 289 7
101 298 17
101 477 51
101 629 56
101 934 13
101 936 58
102 160 55
102 339 100
102 495 63
102 559 4
102 617 86
102 676 4
102 854 58
102 855 35
103 130 26
103 192 37
103 367 9
103 550 77
103 810 95
103 815 71
103 826 47
103 924 96
104 193 64
104 278 50
104 803 58
104 843 60
104 856 11
105 277 28
105 382 100
105 409 29
105 479 32
105 537 35
105 843 1
105 874 67
106 129 61
106 185 80
106 613 25
106 747 38
106 959 76
106 974 46
107 131 65
107 136 1
107 274 24
107 284 18
107 345 47
107 572 75
107 636 92
107 684 61
107 768 55
107 861 90
107 932 75
108 251 86
108 263 43
108 310 96
108 438 1
108 540 86
108 685 12
108 700 6
108 760 44
108 780 91
108 811 68
108 881 8
109 160 71
109 168 35
109 239 87
109 256 61
109 328 49
109 436 62
109 488 53
109 568 81
110 148 98
110 178 34
110 222 23
110 248 70
110 378 43
110 382 10
110 443 56
110 511 23
110 570 88
110 681 83
110 722 52
110 728 29
110 891 45
110 947 79
111 250 11
111 500 46
111 757 33
111 827 99
111 871 7
111 937 20
112 113 52
112 150 90
112 330 45
112 362 35
112 409 9
112 477 100
112 478 28
112 539 45
113 239 82
113 256 95
113 301 53
113 330 86
113 489 67
113 619 19
113 676 15
113 778 19
113 792 41
113 852 83
113 927 97
113 949 54
113 966 94
114 232 72
114 235 90
114 373 12
114 512 60
114 622 39
114 849 26
114 927 50
115 169 52
115 185 80
115 186 47
115 188 86
115 370 13
115 412 57
115 440 70
115 469 16
115 531 71
115 576 32
115 717 82
115 738 16
115 861 38
115 961 100
116 152 75
116 161 46
116 178 15
116 208 51
116 588 98
116 657 7
116 948 20
117 149 23
117 313 43
117 408 23
117 680 24
117 750 81
117 835 58
117 908 74
117 932 14
118 171 66
118 263 10
118 346 19
118 466 93
118 569 24
118 585 50
118 597 71
118 644 74
118 781 34
118 857 35
118 908 64
119 120 19
119 433 100
119 482 43
119 842 95
119 878 12
119 898 55
119 913 62
119 936 49
120 276 63
120 481 99
120 782 22
120 839 59
120 979 45
121 166 97
121 349 18
121 451 74
121 602 74
121 625 11
121 847 81
121 877 4
121 892 64
122 160 89
122 520 10
122 572 42
122 575 75
122 798 88
122 861 22
122 913 36
122 965 34
123 175 94
123 202 83
123 205 49
123 226 8
123 358 76
123 622 13
123 672 31
123 692 18
123 937 95
123 967 60
124 260 33
124 275 4
124 363 95
124 492 49
124 551 61
124 653 80
124 654 43
124 901 66
124 911 85
125 256 10
125 338 44
125 362 84
125 400 56
125 481 27
125 501 34
125 611 65
125 643 96
125 670 95
125 686 4
125 739 9
125 870 59
125 874 82
125 881 37
125 959 93
125 963 18
126 280 17
126 402 68
126 569 65
126 573 20
126 657 89
126 932 19
127 135 52
127 149 72
127 306 18
127 435 25
127 464 13
127 590 6
127 629 11
127 738 29
127 788 17
128 145 22
128 219 91
128 270 18
128 425 84
128 586 2
128 757 24
128 907 76
129 259 51
129 271 67
129 438 47
129 608 16
129 628 77
129 748 86
129 818 9
129 972 56
130 203 69
130 252 27
130 405 53
130 550 30
130 657 84
130 678 20
130 805 6
130 842 74
130 906 58
131 271 60
131 440 16
131 582 24
131 653 53
132 521 12
132 858 95
133 372 37
133 406 7
133 627 71
133 641 16
133 722 42
133 809 68
134 204 10
134 262 52
134 389 51
134 455 27
134 508 9
134 509 69
134 588 91
134 711 76
134 743 69
134 746 29
134 891 95
134 987 57
135 239 69
135 397 49
135 418 94
135 420 45
135 545 94
135 836 66
136 355 49
136 394 74
136 547 84
136 682 8
136 725 42
136 798 37
137 150 7
137 258 84
137 296 81
137 435 58
137 707 25
137 733 18
137 736 8
137 945 4
138 347 87
138 354 67
138 539 92
138 612 67
138 645 55
139 201 85
139 240 96
139 411 31
139 732 43
139 980 76
140 154 57
140 215 2
140 264 24
140 267 95
140 418 100
140 512 9
140 628 23
140 695 43
140 875 63
140 975 49
141 476 47
141 513 34
141 583 90
141 645 30
141 698 100
141 764 36
141 789 66
141 911 46
141 948 25
141 951 86
142 155 83
142 228 21
142 304 2
142 347 73
142 622 18
142 726 92
142 846 24
142 852 53
142 871 37
142 894 89
142 990 61
143 257 26
143 335 59
143 381 56
143 510 100
143 542 63
143 568 11
143 587 3
143 802 37
143 892 28
144 232 35
144 250 25
144 295 50
144 425 16
144 443 42
144 461 76
144 601 60
144 660 44
144 733 24
144 752 56
145 222 52
145 349 98
145 354 46
145 520 79
145 563 16
145 651 34
146 248 83
146 273 85
146 354 55
146 371 14
146 554 78
146 597 35
146 642 84
146 776 73
146 781 81
146 782 18
146 929 65
146 943 50
147 215 1
147 707 72
147 967 8
148 232 97
148 316 25
148 449 62
148 470 37
148 712 34
148 713 61
148 764 33
148 765 98
148 964 77
149 164 96
149 251 12
149 369 52
149 469 78
149 590 38
149 621 13
149 724 43
149 851 86
150 294 58
150 517 16
150 539 33
150 700 26
150 760 17
150 928 96
150 947 58
150 967 25
150 990 90
151 280 31
151 418 79
151 485 83
151 535 83
151 543 31
151 648 100
151 654 86
151 808 48
151 891 43
151 899 8
151 940 23
151 942 100
152 285 82
152 337 48
152 370 81
152 397 94
152 491 69
152 496 43
152 623 96
152 627 29
152 717 93
152 789 29
152 799 5
152 801 53
152 834 6
152 835 55
152 846 31
152 971 59
152 980 78
152 990 15
153 218 83
153 394 44
153 401 88
153 435 4
153 468 19
153 479 66
153 533 4
153 724 15
153 821 95
153 953 12
153 967 17
154 366 19
154 576 63
154 678 31
154 844 47
155 347 58
155 622 48
155 654 37
155 728 6
155 749 18
155 788 88
155 825 11
156 159 93
156 369 21
156 406 46
156 673 77
156 801 63
156 869 26
156 941 80
156 958 10
157 515 74
157 605 8
157 644 92
157 740 78
157 967 62
158 182 64
158 481 41
158 492 45
158 582 38
158 618 28
158 674 43
158 755 71
159 254 30
159 580 30
159 612 83
159 639 23
159 686 29
159 693 69
159 794 10
159 820 77
159 868 83
159 890 85
159 900 52
159 904 15
159 922 27
159 994 2
160 443 96
160 478 99
160 561 72
160 630 90
160 733 10
161 540 37
161 594 16
161 728 81
161 788 55
161 873 41
162 236 31
162 360 33
162 361 39
162 368 28
162 432 76
162 561 9
162 605 32
162 895 29
163 174 15
163 370 41
163 436 57
163 524 58
163 787 13
163 899 53
163 955 6
164 168 73
164 212 33
164 269 93
164 373 14
164 460 93
164 543 1
164 801 20
165 266 8
165 272 49
165 380 17
165 859 38
165 865 3
166 232 84
166 297 44
166 490 31
166 514 14
166 526 17
166 539 56
166 558 25
166 665 82
166 813 87
166 920 54
166 928 42
167 208 93
167 281 67
167 425 89
167 497 51
167 557 5
167 574 87
167 668 35
167 684 43
167 735 2
167 801 27
167 814 38
167 875 78
168 779 66
168 903 29
168 996 40
169 220 30
169 298 84
169 509 10
169 518 59
169 590 45
169 711 76
169 789 56
169 808 67
170 180 74
170 419 40
170 432 54
170 508 55
170 639 1
170 720 7
170 732 77
170 806 9
170 962 49
171 274 8
171 391 29
171 406 44
171 407 52
171 614 9
171 672 87
171 679 68
171 735 73
171 784 31
171 820 22
171 913 20
171 942 10
171 996 80
172 218 12
172 264 88
172 293 99
172 397 13
172 458 90
172 608 62
172 945 42
173 213 41
173 257 61
173 280 92
173 379 66
173 480 55
173 545 6
173 654 29
173 984 14
174 803 60
174 904 17
174 909 6
174 951 58
175 207 10
175 393 66
175 635 63
175 952 68
175 976 83
175 993 39
175 998 93
176 386 4
176 475 97
176 623 35
176 670 63
176 857 55
176 893 11
177 281 60
177 370 74
177 375 27
177 380 67
177 458 47
177 527 27
177 673 22
177 956 77
177 982 97
178 179 8
178 210 20
178 625 94
178 642 24
178 746 44
178 749 57
178 870 70
178 959 73
179 285 26
179 360 73
179 428 41
179 453 6
179 507 27
179 528 73
179 533 80
179 608 43
179 677 27
179 721 42
179 739 25
179 891 45
179 961 42
180 423 92
180 464 12
180 620 7
180 667 44
180 727 88
180 843 95
181 647 9
181 691 18
181 741 76
181 751 100
182 335 91
182 347 53
182 413 83
182 435 70
182 442 58
182 477 96
182 484 93
182 489 6
182 789 38
182 814 9
182 830 24
182 841 59
182 880 66
183 192 12
183 231 94
183 273 89
183 310 41
183 488 43
183 509 85
183 576 33
183 890 34
183 910 48
183 912 78
184 192 7
184 260 65
184 300 15
184 324 54
184 403 24
184 464 40
184 525 23
184 900 56
185 255 26
185 476 49
185 653 22
185 661 83
185 791 30
185 885 44
186 347 18
186 371 19
186 443 67
186 473 98
186 479 68
186 676 67
186 726 25
186 823 47
186 948 36
186 957 40
187 558 62
187 566 80
187 732 21
188 277 47
188 437 4
188 472 43
188 524 7
188 590 36
188 599 71
188 710 60
188 745 15
189 300 84
189 383 56
189 393 79
189 537 97
189 710 85
189 809 82
190 200 68
190 368 97
190 420 91
190 554 66
190 572 13
190 741 43
190 760 29
190 792 38
190 819 81
190 868 45
190 987 78
191 231 98
191 342 45
191 393 49
191 475 7
191 626 97
191 724 20
192 193 86
192 268 15
192 325 43
192 347 10
192 596 11
192 607 53
192 803 84
192 914 45
192 964 14
193 232 32
193 462 41
193 697 21
193 711 56
193 760 31
193 850 73
193 923 16
193 953 25
194 251 68
194 414 74
194 558 50
194 648 66
194 692 39
194 800 7
194 829 66
195 390 92
195 543 70
195 667 4
195 809 14
196 417 71
196 420 54
196 744 44
196 756 100
196 828 25
196 842 23
196 877 39
196 909 23
196 926 36
197 263 56
197 349 95
197 356 57
197 398 35
197 484 3
197 488 98
197 610 48
197 687 57
197 714 5
197 737 3
197 808 22
197 953 99
197 993 30
198 302 4
198 336 48
198 431 30
198 432 50
198 464 89
198 530 79
198 547 97
198 553 40
198 566 44
198 669 51
198 710 75
198 749 55
198 813 13
198 843 24
198 886 77
198 954 79
199 210 43
199 224 86
199 253 64
199 256 48
199 309 31
199 377 62
199 397 69
199 455 84
199 689 19
199 709 93
199 897 78
200 238 57
200 334 69
200 534 3
200 562 49
201 343 100
201 436 21
201 560 81
201 625 99
201 848 49
201 858 17
201 936 84
201 944 50
201 961 66
202 379 100
202 380 81
202 395 60
202 485 39
202 516 33
202 548 85
202 617 98
202 623 51
202 707 14
202 849 56
203 214 84
203 316 8
203 339 30
203 472 99
203 505 3
203 621 53
203 762 39
203 805 22
203 871 70
203 964 71
203 974 41
203 985 90
204 233 10
204 318 69
204 323 86
204 346 89
204 373 88
204 386 56
204 409 75
204 490 62
204 523 99
204 654 78
204 701 98
204 762 85
204 781 46
204 819 45
204 842 82
204 847 80
204 936 99
204 937 39
205 575 71
205 590 99
205 704 35
205 708 46
205 731 15
205 831 98
205 834 44
205 871 37
205 894 91
205 914 96
206 299 97
206 374 42
206 564 38
206 566 42
206 583 34
206 612 35
206 638 70
206 762 43
206 896 32
207 332 95
207 441 25
207 486 83
207 755 65
207 803 70
207 965 4
208 223 65
208 265 13
208 293 23
208 304 98
208 329 73
208 392 1
208 490 27
208 595 57
208 621 98
208 872 25
208 890 72
208 899 57
209 233 44
209 271 21
209 290 63
209 341 33
209 344 26
209 380 68
210 419 48
210 428 7
210 518 77
210 533 36
210 547 23
210 568 24
210 693 47
210 727 29
210 823 47
210 857 4
210 927 80
211 362 58
211 474 51
211 489 7
211 513 98
211 594 16
211 664 93
211 888 18
212 381 11
212 477 44
212 499 60
212 503 17
212 666 71
212 768 45
212 859 72
213 345 49
213 441 40
213 448 2
213 495 69
213 736 86
213 843 36
213 996 7
214 395 64
214 481 62
214 563 37
214 865 7
214 955 45
215 268 9
215 682 93
215 693 24
215 774 16
215 824 80
215 832 72
216 252 81
216 396 86
216 591 55
216 846 29
216 976 35
217 270 10
217 545 78
217 565 15
217 621 77
217 633 37
217 833 18
217 884 46
218 241 11
218 573 19
218 653 57
218 711 75
218 766 83
218 791 84
218 796 8
218 817 3
218 827 29
218 844 61
218 853 59
219 303 81
219 340 49
219 637 100
219 647 73
219 749 10
219 915 89
219 983 41
220 317 49
220 386 52
220 556 31
220 583 25
220 658 26
220 743 44
220 757 57
221 486 53
221 557 34
221 642 95
221 709 70
221 777 8
221 901 48
222 258 30
222 289 100
222 343 21
222 420 37
222 531 29
222 610 44
222 790 3
223 375 45
223 491 33
223 507 68
223 620 44
223 767 95
223 857 94
223 886 71
224 302 20
224 339 97
224 373 19
224 448 59
224 593 21
224 659 33
224 709 61
224 827 88
224 877 60
224 918 26
225 276 49
225 361 91
225 470 54
225 525 30
225 543 24
225 554 45
225 600 48
225 646 75
225 661 87
225 687 11
226 393 23
226 431 53
226 550 58
226 628 18
226 668 78
226 717 53
226 892 50
227 332 75
227 347 40
227 463 80
227 513 31
227 759 58
227 815 2
227 880 78
228 315 13
228 496 28
228 559 30
228 617 65
228 631 75
228 738 82
228 879 55
228 930 95
228 986 28
229 337 66
229 450 53
229 555 29
229 559 45
229 590 16
229 621 34
229 656 97
229 713 9
229 728 72
229 735 19
229 755 24
229 880 84
229 947 92
229 951 7
230 246 26
230 335 81
230 411 63
230 605 85
230 678 85
230 708 64
230 762 64
230 830 59
230 918 18
231 273 29
231 305 9
231 306 65
231 309 23
231 382 86
231 445 21
231 611 24
231 626 35
231 692 87
231 824 25
231 907 68
231 956 30
232 235 96
232 300 47
232 323 93
232 391 66
232 399 3
232 451 15
232 461 1
232 530 70
232 581 71
232 700 68
232 739 84
232 778 15
232 821 6
233 277 22
233 369 84
233 457 87
233 511 26
233 594 88
233 685 28
233 746 51
233 822 79
233 901 91
233 928 69
234 459 72
234 484 87
234 600 51
234 854 17
234 882 47
234 939 58
235 243 44
235 423 59
235 530 38
235 540 62
235 555 98
235 767 34
235 841 84
235 860 97
236 570 42
236 671 73
236 730 21
236 974 96
237 319 99
237 384 10
237 407 46
237 572 54
237 789 60
237 838 20
238 261 23
238 438 88
238 627 12
238 747 21
238 823 51
238 881 45
238 907 90
238 968 98
239 269 79
239 475 44
239 492 13
239 701 71
239 724 13
239 804 11
240 255 67
240 370 81
240 406 17
240 521 36
240 528 16
240 673 9
240 694 99
240 789 9
240 797 71
240 836 19
240 854 92
240 857 77
240 902 51
241 663 46
241 705 13
241 744 19
241 760 62
242 253 27
242 341 71
242 383 2
242 432 89
242 483 75
242 552 55
242 785 39
242 828 80
242 929 39
242 934 78
242 985 33
243 746 89
244 258 47
244 370 94
244 410 14
244 960 8
245 307 24
245 461 36
245 502 13
245 689 90
245 835 35
245 843 81
245 850 19
246 249 48
246 269 79
246 627 95
246 651 87
246 671 58
246 682 47
246 723 74
246 827 70
246 908 42
246 980 30
247 286 2
247 424 5
247 523 100
247 531 5
247 603 95
247 641 1
247 730 85
247 763 36
248 296 31
248 340 19
248 371 78
248 446 72
248 452 78
248 527 37
248 901 26
248 933 60
249 272 46
249 318 46
249 378 35
249 643 88
249 689 89
249 895 13
250 272 26
250 318 79
250 392 82
250 662 20
250 689 5
250 865 54
251 319 16
251 455 27
251 485 36
251 618 96
251 715 28
251 781 94
251 818 12
251 833 94
252 349 98
252 412 29
252 499 61
252 563 38
252 595 2
252 787 40
252 926 80
252 933 67
253 301 27
253 519 30
253 527 13
253 550 39
253 580 16
253 619 43
253 623 75
253 635 52
253 759 2
253 905 89
254 372 28
254 497 7
254 533 62
254 577 37
254 597 43
254 619 50
254 649 61
254 763 42
254 845 96
254 852 98
254 880 53
254 933 10
255 349 74
255 447 24
255 539 59
255 696 40
255 768 39
255 949 42
256 298 34
256 338 61
256 486 66
256 995 96
257 377 40
257 634 21
257 725 95
257 947 44
258 451 53
258 453 62
258 468 51
258 579 43
258 822 50
258 961 19
258 992 38
259 357 75
259 371 71
259 418 46
259 482 73
259 496 39
259 598 97
259 817 75
259 855 36
260 375 34
260 376 21
260 423 44
260 667 67
260 723 62
260 771 95
260 793 40
260 868 73
261 345 76
261 382 35
261 469 93
261 552 48
261 596 67
261 620 58
261 636 11
261 686 21
261 738 62
261 900 32
261 968 1
261 979 78
262 298 59
262 328 80
262 461 92
262 495 36
262 693 89
262 748 2
262 871 17
262 927 23
262 969 88
263 318 74
263 404 60
263 556 23
263 692 16
263 922 42
263 996 82
264 350 19
264 422 1
264 479 48
264 910 100
265 389 25
265 391 80
265 441 38
265 510 74
265 564 10
265 601 81
265 622 18
265 658 79
265 862 19
265 888 38
265 948 38
265 952 16
266 351 41
266 604 61
266 634 60
266 849 99
266 966 72
267 359 50
267 363 90
267 415 43
267 449 70
267 458 48
267 491 81
267 615 66
267 998 52
268 273 72
268 500 56
268 542 68
268 734 13
268 782 15
268 842 93
268 894 54
268 913 24
269 409 89
269 683 54
269 812 2
269 841 16
269 884 30
269 885 50
269 920 67
269 929 48
269 965 47
270 300 83
270 340 51
270 408 67
270 445 94
270 468 82
270 595 95
270 634 45
270 635 71
270 643 14
270 712 14
270 884 55
270 962 85
270 965 85
271 291 14
271 570 99
271 626 10
271 680 78
271 683 45
271 785 1
271 806 54
271 970 54
272 358 87
272 382 44
272 402 46
272 477 66
272 537 13
272 572 75
272 762 2
272 774 52
272 779 4
273 283 96
273 683 47
273 720 43
273 790 42
274 332 56
274 340 54
274 354 2
274 536 26
274 612 23
274 744 31
274 940 85
275 332 74
275 453 19
275 505 28
275 507 2
275 538 71
275 630 29
275 680 11
275 778 79
275 974 13
276 282 70
276 341 95
276 511 89
276 587 72
276 608 73
276 676 60
276 782 71
276 845 8
276 867 65
276 930 58
277 454 34
277 682 76
277 793 43
277 824 3
277 867 90
277 875 22
278 351 25
278 356 72
278 440 31
278 462 61
278 539 13
278 592 96
278 625 44
278 633 93
278 698 12
278 704 30
278 768 61
278 931 3
278 934 80
279 356 9
279 402 65
279 740 39
279 763 71
279 842 8
279 911 58
279 997 13
280 471 8
280 481 77
280 547 80
280 636 71
280 709 20
281 345 51
281 537 90
281 615 18
281 631 98
281 771 40
281 783 58
281 789 90
281 952 19
281 964 34
282 499 73
282 509 85
282 547 84
282 611 87
282 970 1
283 414 68
283 513 5
283 553 98
283 609 51
283 671 97
283 758 25
283 846 13
283 848 65
283 868 6
284 399 13
284 478 99
284 582 29
284 692 35
284 873 36
284 998 28
285 347 12
285 430 68
285 480 83
285 511 40
285 588 20
285 619 27
285 657 96
285 831 48
285 919 63
286 477 98
286 694 16
286 716 27
286 835 7
286 859 100
286 867 45
286 880 42
286 913 26
286 934 7
287 401 12
287 456 27
287 468 52
287 609 11
287 633 42
287 708 82
287 718 62
287 735 86
287 866 34
287 872 5
287 990 57
288 300 94
288 319 43
288 334 84
288 339 23
288 422 98
288 500 7
288 594 88
288 604 43
288 726 100
288 753 54
288 768 98
289 310 18
289 348 26
289 465 41
289 675 69
289 741 98
289 821 70
289 906 46
289 922 76
289 941 87
289 943 46
289 972 75
290 354 15
290 396 100
290 434 2
290 479 61
290 486 65
290 788 36
290 797 7
290 805 65
291 394 58
291 418 73
291 509 35
291 641 86
291 723 64
291 805 77
291 838 16
291 839 23
291 943 18
292 443 18
292 483 94
292 867 32
292 928 41
292 956 37
293 346 13
293 366 74
293 403 49
293 426 36
293 431 55
293 439 78
293 455 47
293 568 75
293 579 25
293 654 93
293 660 99
293 873 6
294 421 73
294 494 47
294 531 84
294 598 53
294 726 32
294 763 42
294 870 13
295 585 93
295 839 33
295 889 7
296 387 98
296 462 84
296 526 95
296 628 77
296 740 94
296 834 7
296 835 98
297 335 69
297 542 99
297 548 56
297 611 21
297 652 14
297 654 100
297 797 29
297 905 30
298 379 71
298 428 87
298 497 11
298 549 96
298 662 64
298 756 25
298 805 66
298 811 71
298 850 82
298 962 80
299 528 35
299 818 46
299 980 3
300 365 42
300 449 55
300 518 67
300 547 7
300 657 98
300 719 71
300 738 24
300 821 18
300 842 2
300 950 39
300 994 47
301 330 19
301 477 7
301 521 19
301 767 5
301 926 28
301 987 63
302 327 78
302 388 43
302 423 46
302 462 81
302 504 41
302 552 19
302 573 57
302 739 47
302 746 66
303 397 82
303 401 21
303 432 73
303 545 44
303 631 14
303 863 22
303 921 84
304 423 67
304 631 78
304 761 42
304 794 22
304 837 96
304 924 39
305 425 56
305 617 40
305 758 29
305 863 25
305 926 41
306 307 31
306 411 31
306 417 3
306 734 58
306 751 22
306 837 52
306 906 93
307 317 91
307 344 67
307 470 41
307 484 88
307 498 60
307 695 57
307 787 10
307 859 26
307 911 24
307 922 100
308 319 36
308 337 19
308 423 73
308 437 63
308 691 82
308 786 15
308 895 61
308 908 28
308 914 69
308 974 53
309 702 70
309 711 11
309 722 94
310 467 88
310 512 84
310 524 57
310 678 95
310 748 17
310 767 77
310 836 28
310 838 92
310 849 94
310 908 77
311 341 90
311 476 6
311 539 9
311 634 93
311 661 1
311 846 89
311 881 24
311 888 100
312 324 80
312 327 13
312 454 13
312 609 50
312 638 31
312 709 36
312 753 79
313 537 11
313 573 48
313 645 16
313 665 25
313 837 24
313 950 83
313 956 75
314 478 90
314 523 69
314 525 85
314 560 11
314 597 81
314 756 18
314 774 20
314 840 15
314 855 69
314 872 32
314 884 34
314 982 4
315 323 14
315 334 78
315 353 98
315 359 76
315 410 15
315 571 7
315 659 29
315 835 79
315 898 23
315 940 84
315 958 7
315 971 17
316 328 7
316 542 49
316 555 77
316 579 15
316 639 35
316 700 89
316 886 62
316 927 27
317 387 92
317 626 100
317 636 27
317 708 12
317 887 50
317 916 26
317 918 42
318 331 10
318 362 91
318 528 42
318 603 8
318 606 97
318 662 25
318 693 83
318 698 5
318 747 44
318 795 9
318 850 27
318 893 34
318 996 94
319 429 92
319 447 98
319 488 57
319 799 43
319 892 90
319 908 26
319 974 87
320 345 35
320 411 71
320 428 61
320 500 33
320 861 87
321 355 65
321 388 23
321 805 47
321 851 95
321 986 49
322 377 27
322 483 23
322 678 65
322 698 42
323 404 82
323 556 47
323 662 99
323 752 15
323 886 5
323 985 98
324 332 8
324 430 19
324 450 16
324 477 51
324 488 89
324 645 48
324 827 83
324 882 65
325 436 79
325 691 8
325 743 83
325 822 92
325 840 28
326 590 96
326 612 77
326 944 43
326 947 29
326 979 63
326 994 16
327 430 23
327 514 32
327 527 57
327 631 13
327 821 62
327 876 1
328 701 8
328 771 66
328 963 25
329 375 88
329 466 86
329 586 69
329 665 85
329 690 85
329 766 86
329 796 5
329 802 11
329 914 60
329 937 66
329 969 40
330 419 80
330 492 83
330 514 63
330 601 19
330 654 13
330 852 14
331 447 36
331 932 42
331 990 54
332 464 73
332 534 2
332 579 76
332 585 17
332 647 36
332 653 72
332 758 7
332 833 22
332 877 8
332 967 54
333 448 31
333 554 47
333 606 25
334 342 74
334 390 89
334 432 34
334 464 31
334 491 87
334 582 53
334 600 59
334 707 38
334 911 43
334 936 10
335 357 86
335 710 39
335 975 89
336 688 92
336 881 91
336 998 19
337 406 37
337 614 38
337 669 31
337 841 43
337 900 44
338 366 34
338 380 21
338 437 21
338 569 64
338 635 49
338 689 40
339 450 78
339 558 57
339 726 81
339 858 58
339 997 91
340 433 5
340 531 54
340 554 26
340 598 65
340 825 54
340 874 89
340 925 14
340 995 15
341 370 86
341 372 30
341 561 29
341 656 11
341 973 67
341 993 95
342 680 94
342 714 63
343 393 46
343 564 39
343 765 14
343 823 15
343 886 19
343 898 98
344 346 18
344 443 60
344 539 30
344 588 5
344 862 88
344 962 56
345 459 94
345 484 2
345 589 22
345 622 74
345 623 93
345 661 53
345 851 58
345 857 97
345 890 21
345 917 65
345 926 96
345 971 96
346 488 97
346 504 56
346 621 49
346 799 42
346 824 45
346 833 61
346 857 97
346 882 46
346 957 87
347 415 60
347 514 11
347 515 30
347 533 32
347 622 85
347 750 84
347 753 20
347 780 61
347 891 70
348 414 37
348 456 99
348 579 51
348 580 96
348 619 15
348 658 6
348 912 45
349 646 46
349 936 71
350 387 35
350 570 28
350 735 21
350 744 74
350 865 41
350 943 82
350 955 16
351 405 13
351 551 59
351 652 13
352 566 83
352 572 45
352 763 99
352 821 61
352 914 4
352 917 68
352 926 1
353 424 39
353 638 26
353 682 82
353 903 15
354 786 34
354 806 30
354 933 16
355 372 36
355 664 93
355 764 66
356 391 82
356 429 54
356 431 43
356 509 68
356 633 37
356 917 33
357 501 71
357 601 3
357 689 38
357 927 84
358 482 70
358 589 69
358 781 79
358 801 3
358 838 39
359 384 92
359 453 88
359 467 68
359 536 5
359 616 2
359 845 38
359 885 51
360 450 62
360 516 99
361 403 73
361 424 36
361 823 68
362 432 52
362 574 85
362 819 45
362 887 70
362 898 66
362 907 22
362 988 75
363 836 82
363 967 95
364 547 2
364 661 97
364 671 75
364 727 4
364 757 7
364 789 72
364 835 63
364 921 84
364 944 20
365 416 4
365 417 99
365 539 51
365 624 27
365 631 50
365 641 79
365 711 39
365 734 47
365 762 48
365 794 86
365 820 57
365 825 29
365 918 69
365 920 5
365 957 22
366 513 91
366 849 19
366 987 68
367 604 57
367 613 37
367 787 20
367 831 15
367 835 50
367 861 54
367 898 54
367 937 97
367 994 10
368 411 43
368 899 12
369 536 24
369 728 56
369 833 46
370 473 2
370 489 17
370 493 68
370 652 24
370 746 72
370 830 14
370 944 53
370 965 15
371 516 25
371 641 27
371 855 76
371 934 28
371 969 100
372 475 48
372 513 98
372 654 47
372 712 87
372 800 68
372 840 1
372 914 29
372 935 67
372 936 22
373 374 3
373 437 82
373 695 1
373 729 55
373 931 24
374 549 69
374 611 77
374 658 93
374 693 25
374 774 87
374 823 7
374 876 3
374 998 39
375 394 11
375 608 76
375 609 9
375 642 93
375 682 80
375 729 87
375 842 95
375 863 39
376 410 3
376 441 8
376 445 9
376 493 72
376 495 10
376 525 48
376 676 80
376 700 44
376 780 89
376 820 44
376 861 80
376 891 7
376 952 97
377 516 61
377 581 43
377 664 59
377 665 90
377 683 1
378 447 90
378 472 38
378 600 6
378 633 39
378 680 87
378 711 88
378 744 84
378 786 10
378 857 66
379 459 29
379 699 99
379 811 93
379 884 64
380 389 47
380 472 54
380 488 46
380 582 92
380 650 34
380 755 83
380 841 97
380 897 53
380 972 57
380 989 73
381 483 98
381 581 97
381 642 7
381 677 25
381 747 35
381 784 15
381 823 10
381 984 69
382 672 96
382 682 84
382 928 96
382 946 96
383 420 14
383 478 88
383 610 47
383 782 29
383 847 4
383 929 84
383 980 96
384 463 87
384 537 84
384 708 20
385 555 58
385 660 100
385 762 7
385 776 44
385 825 28
385 868 100
385 874 39
386 506 74
386 528 77
386 530 74
386 893 44
387 420 5
387 610 2
387 652 84
387 653 37
387 682 81
387 804 54
387 863 68
388 469 64
388 581 38
388 582 64
388 684 79
388 722 92
388 884 65
388 969 38
388 982 77
389 407 93
389 542 4
389 621 7
389 651 75
389 711 3
389 839 83
389 874 25
390 610 80
391 450 31
391 531 13
391 585 29
391 588 69
391 673 27
391 701 79
391 796 95
391 922 79
391 942 77
391 962 4
391 988 95
392 402 40
392 702 21
392 808 48
392 848 54
392 884 1
392 886 81
392 896 16
393 413 69
393 499 23
393 690 94
394 546 64
394 598 76
394 668 14
394 786 20
394 938 81
394 989 17
395 556 30
395 645 89
395 647 6
395 776 62
395 865 59
395 941 20
395 996 20
396 419 39
396 677 15
396 743 29
396 835 37
396 847 44
396 855 51
396 892 36
396 993 50
397 590 47
397 708 54
397 739 30
397 764 81
397 806 12
397 826 46
397 963 32
398 490 67
398 577 71
398 592 10
398 781 55
398 834 58
398 996 32
399 420 54
399 424 83
399 493 25
399 604 76
399 746 4
399 843 64
399 866 57
399 870 42
399 959 53
399 984 56
400 695 3
400 903 29
400 975 80
400 995 2
401 736 75
401 765 39
401 802 41
401 928 42
401 964 38
402 431 49
402 535 60
402 569 7
402 571 61
402 590 4
402 627 25
402 697 98
402 742 29
402 781 31
402 906 39
402 946 53
402 947 22
402 966 32
402 989 50
403 579 88
403 591 96
403 642 58
403 660 47
403 781 19
403 785 67
404 436 63
404 492 84
404 536 43
404 543 23
404 926 27
405 527 34
405 528 29
405 656 49
405 658 70
405 869 50
405 983 80
405 989 42
406 580 1
406 930 22
406 949 33
407 444 41
407 564 4
407 748 59
407 833 56
407 901 65
407 931 79
407 954 3
408 463 78
408 471 26
408 887 74
408 894 94
409 519 5
409 673 23
409 807 63
409 810 42
409 822 28
409 949 46
410 424 78
410 427 58
410 455 31
410 490 51
410 522 72
410 542 42
410 611 20
410 635 13
410 666 17
410 901 94
410 966 66
410 972 70
411 430 42
411 481 3
411 547 58
411 619 22
411 942 96
411 951 34
412 489 52
412 543 55
412 562 2
412 574 83
412 583 7
412 692 66
412 871 6
412 935 50
412 938 30
412 974 3
412 982 59
413 562 16
413 664 82
413 726 10
413 801 77
413 871 92
413 969 77
413 992 26
414 477 21
414 667 8
414 769 53
414 911 54
415 452 35
415 454 100
415 559 33
415 618 41
415 698 32
415 785 59
415 911 49
415 943 37
416 679 73
416 686 37
416 756 1
416 830 73
417 428 27
417 525 24
417 606 46
417 691 90
417 713 15
417 734 8
417 835 9
417 962 67
418 458 19
418 539 23
418 623 2
418 709 15
418 784 83
418 815 9
418 962 63
419 524 58
419 607 68
419 638 69
419 721 80
419 837 84
419 854 37
419 875 83
420 619 20
420 892 80
421 486 82
421 572 32
421 645 32
421 651 6
421 791 72
421 819 9
421 841 10
421 923 89
422 427 61
422 596 98
422 613 94
422 753 27
422 810 54
422 920 37
422 959 4
423 592 34
423 840 32
423 895 97
423 901 7
424 430 25
424 604 79
424 846 55
424 883 44
424 977 45
425 573 20
425 711 100
425 878 28
425 949 25
426 477 22
426 717 90
426 876 90
426 921 19
427 574 19
427 690 43
427 698 83
427 707 25
427 995 55
428 441 55
428 505 20
428 585 100
428 629 35
428 846 16
428 956 78
429 504 68
429 617 66
429 862 32
429 970 47
429 993 74
430 459 74
430 473 91
430 846 57
430 968 21
431 438 12
431 607 41
431 702 56
431 719 77
431 908 78
431 921 8
431 945 26
432 542 66
432 598 13
432 611 80
432 835 87
432 895 60
432 990 31
432 998 84
433 446 94
433 696 40
433 826 33
433 915 4
434 514 53
434 883 22
434 887 75
434 987 49
435 475 96
435 638 54
435 691 71
435 720 67
435 781 42
435 922 33
436 649 46
436 704 11
436 874 96
436 917 88
436 958 72
437 654 51
437 722 88
437 770 28
437 788 65
438 512 89
438 574 78
438 638 42
438 774 93
438 846 8
438 851 43
438 853 98
439 511 67
439 747 40
439 804 82
439 862 3
439 879 40
439 963 15
439 984 61
440 680 64
440 701 44
440 703 29
440 727 70
440 736 31
440 830 53
440 833 87
440 986 20
441 792 19
442 464 33
442 574 60
442 582 44
442 745 80
442 816 59
442 887 90
443 638 61
443 669 48
443 760 91
443 844 99
443 846 45
444 448 21
444 630 84
444 656 11
445 452 5
445 498 99
445 589 25
445 613 49
445 719 12
445 783 19
445 981 54
446 466 72
446 486 46
446 579 100
446 594 65
446 667 17
446 781 66
446 929 70
446 954 78
446 963 51
447 527 10
447 764 30
447 772 44
447 787 43
447 841 96
447 863 99
448 455 12
448 523 63
448 666 17
448 671 39
448 681 53
448 837 39
449 539 67
449 569 38
449 595 74
449 770 7
449 944 26
450 468 32
450 492 47
450 505 97
450 519 36
450 540 22
450 543 90
450 552 6
450 575 27
450 627 50
450 635 100
450 663 52
450 872 68
450 960 25
451 884 69
451 948 25
451 979 53
452 526 88
452 574 23
452 595 100
452 874 63
452 994 91
453 460 30
453 493 88
453 531 54
453 577 66
453 679 85
453 751 9
453 826 53
453 841 44
453 937 89
453 999 53
454 470 3
454 475 40
454 541 62
454 673 94
454 701 25
454 854 9
455 462 28
455 475 87
455 624 60
455 859 6
456 588 75
456 850 85
456 963 67
457 965 77
458 690 10
459 508 86
459 580 11
459 662 90
459 777 82
459 865 31
459 868 80
459 971 41
459 998 90
460 479 42
460 568 64
460 754 38
460 790 28
460 867 13
460 956 47
461 550 77
461 642 26
461 921 85
462 907 9
463 500 8
463 560 12
463 761 43
463 831 57
463 886 61
464 476 11
464 603 61
464 681 69
464 697 95
464 753 15
464 829 96
464 835 18
464 913 69
464 973 21
464 986 19
465 495 54
465 571 85
465 667 42
465 715 23
465 756 49
465 770 88
465 845 11
465 857 58
465 884 35
466 557 88
466 689 26
466 830 31
466 855 11
467 493 65
467 499 54
467 523 91
467 771 57
467 804 96
467 897 5
467 951 35
468 638 88
468 676 73
468 677 87
468 789 77
468 835 39
468 911 79
468 958 11
468 998 6
469 720 33
469 746 10
469 826 13
469 958 76
470 476 9
470 852 66
471 482 59
471 501 13
471 514 88
471 947 47
472 481 76
472 515 54
472 571 70
472 652 86
472 826 1
472 846 23
473 909 49
474 729 93
474 796 17
474 923 44
474 987 56
475 573 87
475 704 94
476 574 86
476 639 18
476 647 44
476 661 39
476 812 46
476 900 97
477 490 85
477 574 66
477 731 83
477 980 49
477 988 68
478 603 66
478 779 41
479 627 22
479 902 28
479 944 11
480 742 66
480 825 15
480 861 4
480 914 33
480 963 28
481 714 90
481 870 15
482 571 82
482 585 7
482 595 76
482 694 16
482 907 29
482 984 18
483 576 7
483 586 36
483 666 27
483 779 23
483 822 73
484 730 15
484 774 51
484 775 77
484 820 19
484 840 7
485 551 5
485 588 42
485 689 2
485 741 59
485 970 64
485 991 98
486 633 91
486 648 88
486 762 91
486 800 31
486 879 1
486 891 92
487 612 43
487 725 81
487 728 44
487 781 63
487 901 79
487 957 47
488 714 79
488 783 86
488 893 22
488 902 6
488 927 81
489 518 30
489 554 92
489 668 93
489 669 11
489 705 99
489 771 52
489 781 68
489 828 49
489 978 81
490 498 15
490 558 18
490 563 80
490 755 27
490 770 55
490 791 70
490 794 100
490 837 34
490 907 71
490 934 52
490 961 24
491 521 88
491 650 14
491 655 29
491 876 54
491 957 67
491 988 66
492 506 29
492 529 56
492 680 25
492 745 8
492 798 22
492 994 28
493 509 76
493 552 35
493 655 89
493 664 70
493 780 20
493 881 86
494 705 96
494 727 55
495 516 85
495 584 60
495 649 89
495 861 26
495 924 11
496 615 36
496 744 53
496 795 85
496 843 75
496 900 38
496 940 42
497 535 21
497 573 12
497 602 18
497 642 98
497 698 47
497 742 47
497 755 44
497 757 92
497 821 58
497 892 64
497 907 28
497 977 17
498 654 8
498 745 81
498 836 22
498 985 44
498 994 97
499 525 25
499 678 87
499 709 44
499 968 9
499 986 81
500 945 64
501 578 4
501 624 84
501 647 37
501 657 51
501 836 45
501 872 33
501 942 48
501 945 5
502 998 93
503 507 47
503 572 89
503 680 67
503 698 100
503 823 92
503 846 4
503 900 53
503 937 91
504 572 83
504 700 23
504 791 89
505 592 45
505 594 31
505 612 22
505 707 66
505 733 87
505 916 56
506 546 2
506 768 97
506 966 61
507 563 49
507 673 61
507 696 9
507 803 1
507 911 49
507 921 27
507 961 85
508 573 68
508 635 59
508 692 48
508 746 4
508 906 84
509 513 12
509 738 94
509 744 71
509 856 59
509 912 29
510 554 58
510 687 60
510 711 16
510 767 77
510 904 50
510 991 9
511 761 73
511 770 87
511 794 56
511 857 26
511 871 33
511 908 39
511 920 92
511 924 75
512 620 50
512 631 89
512 691 42
512 777 14
512 842 91
512 950 35
512 978 87
512 984 65
513 556 7
513 611 6
513 832 1
513 837 61
513 903 96
514 567 20
514 592 61
515 686 94
515 764 95
515 953 22
515 997 7
516 627 28
516 853 40
516 857 52
516 979 6
517 543 61
517 600 38
517 621 25
517 777 58
517 913 99
517 948 19
518 581 74
518 595 59
518 749 1
518 872 14
518 887 81
519 527 73
519 586 23
519 628 94
519 635 39
520 551 100
520 699 58
520 813 6
520 823 61
520 883 53
521 531 7
521 562 30
521 594 40
521 616 13
521 725 79
521 862 85
521 969 60
522 531 34
522 796 36
522 854 19
523 547 80
523 548 100
523 551 19
523 624 87
523 681 99
523 708 92
523 856 36
523 863 32
523 898 63
524 538 5
524 563 54
524 702 87
524 728 56
524 830 7
524 847 53
524 878 43
524 912 38
525 582 46
525 622 65
525 849 79
525 888 2
525 897 19
526 532 46
526 599 54
526 697 19
526 772 21
526 893 41
526 912 84
527 625 74
527 689 36
527 889 67
528 615 55
528 693 12
528 781 16
528 984 1
529 587 71
529 624 98
529 803 96
529 890 79
529 897 38
529 982 23
530 694 56
530 938 87
531 558 54
531 563 68
531 629 25
531 720 12
531 763 94
532 566 61
532 603 58
532 656 70
532 829 79
532 936 2
533 740 81
533 866 97
533 983 50
534 697 69
534 798 97
535 539 46
535 626 26
535 686 29
535 747 15
535 773 57
535 776 99
535 866 47
535 919 63
536 603 44
536 727 48
536 772 30
536 820 29
536 843 7
536 904 72
536 925 61
536 993 41
537 610 46
537 702 94
537 939 57
538 541 70
538 569 37
538 573 11
538 611 16
538 623 34
538 666 12
538 779 50
538 859 77
538 908 86
538 995 38
539 597 31
539 838 83
540 586 31
540 605 79
540 650 35
540 712 32
540 804 69
540 834 71
540 916 23
540 943 63
541 568 89
541 612 44
541 637 86
541 704 77
541 876 21
542 796 14
543 597 37
543 712 68
544 631 6
544 700 41
544 718 77
544 722 52
545 662 32
545 762 68
545 917 41
546 547 59
546 641 39
546 659 37
546 735 78
546 810 90
546 862 79
546 883 45
547 831 60
547 919 58
548 860 72
549 744 61
549 769 54
550 654 67
550 690 32
550 817 79
550 822 55
550 875 51
551 884 9
551 890 12
551 994 12
552 586 10
552 761 71
552 830 60
552 983 62
553 673 27
553 766 62
553 941 99
554 586 74
554 808 69
554 998 24
555 594 36
555 613 100
555 737 48
555 810 96
555 853 45
555 981 48
555 987 61
556 606 89
556 675 99
556 749 62
556 760 8
556 814 99
556 880 34
557 656 74
557 731 10
557 849 78
558 791 34
558 824 35
558 837 7
558 930 15
559 599 15
559 685 98
559 712 99
559 753 33
559 765 49
559 772 46
559 808 86
559 812 18
560 761 72
560 845 84
560 914 2
561 763 27
561 939 72
561 993 48
561 994 77
562 588 45
562 610 50
562 611 41
562 718 92
562 765 43
562 819 49
562 842 8
562 858 10
562 870 81
562 902 25
563 580 3
563 624 14
563 635 99
564 571 1
564 638 1
564 749 55
564 772 1
564 818 8
564 848 36
564 871 31
564 898 24
565 612 60
565 745 45
565 791 64
565 890 62
565 918 25
566 708 93
566 808 67
566 949 96
567 594 35
567 671 70
568 674 42
568 695 45
568 714 30
568 807 60
569 771 86
569 806 70
569 875 99
569 919 88
570 612 76
570 738 33
570 770 36
570 882 87
570 961 76
571 603 68
571 881 53
572 724 72
572 822 12
572 843 33
573 642 40
573 746 83
573 799 88
573 893 13
573 922 83
574 609 100
574 763 38
574 782 41
574 844 75
575 639 37
575 898 61
575 908 9
575 998 74
576 856 59
576 936 49
576 951 47
577 613 94
577 717 33
577 873 40
578 675 80
578 677 81
578 759 25
578 804 45
578 978 85
579 694 99
579 811 69
579 830 75
579 963 16
580 680 49
580 850 96
580 863 58
581 674 69
581 766 36
581 959 38
582 622 88
582 674 46
583 655 1
583 753 30
583 790 81
583 863 75
584 617 90
584 651 33
584 861 37
584 880 90
585 756 42
585 881 26
585 898 68
586 806 70
586 866 68
586 868 32
586 914 46
587 594 93
587 925 90
587 940 95
588 644 56
588 740 6
588 753 91
588 784 78
588 793 100
588 807 84
588 901 49
589 601 62
589 629 63
589 631 15
589 781 78
589 804 92
589 906 81
590 608 59
590 663 88
590 682 40
590 709 83
590 802 5
590 847 46
590 878 22
590 900 11
591 600 46
591 657 1
591 692 64
591 886 20
591 900 17
591 913 36
591 925 78
591 988 88
592 644 73
592 676 3
592 698 79
592 871 94
592 969 10
593 616 82
593 650 74
593 733 85
593 859 41
593 964 1
594 684 9
594 921 70
594 924 35
595 664 98
595 928 63
595 998 79
596 673 60
596 727 50
596 855 78
596 881 27
596 988 2
597 666 78
597 795 71
597 866 79
597 906 43
597 933 41
598 655 77
598 683 34
598 783 82
598 953 20
599 711 40
599 742 10
599 817 69
599 884 55
599 958 40
600 644 33
600 836 21
600 970 62
601 723 64
601 795 15
601 803 19
601 969 25
602 691 4
602 806 96
602 815 64
602 963 76
602 985 53
603 681 81
603 699 70
603 747 89
603 757 84
603 779 97
603 816 44
604 659 3
604 680 35
604 750 25
604 798 88
604 836 18
604 872 63
605 671 94
605 736 81
605 767 83
605 791 60
605 911 22
605 918 6
606 656 17
606 709 28
606 734 69
606 775 27
606 850 37
606 985 48
607 622 95
607 872 4
607 902 61
608 641 66
608 770 76
608 778 67
608 897 16
608 975 74
608 986 48
609 620 63
609 636 82
609 679 22
609 729 64
609 824 61
609 869 95
609 908 1
610 669 65
610 736 58
610 886 26
610 980 56
611 629 91
611 635 89
611 776 31
611 867 77
611 911 92
611 922 53
612 665 88
612 667 63
612 770 33
612 813 10
612 951 25
613 672 81
613 852 95
614 625 37
614 657 62
614 825 78
614 886 37
614 935 21
615 749 96
615 753 61
615 828 86
615 871 75
615 902 37
615 998 49
616 698 84
616 861 53
616 911 36
616 980 79
617 631 2
617 703 9
617 834 78
617 957 10
617 967 62
617 997 75
618 730 86
619 657 48
619 673 99
619 706 15
619 830 1
620 647 35
620 719 68
620 780 22
620 826 22
621 626 2
621 692 18
621 707 41
621 787 6
621 906 29
621 925 62
622 641 87
622 701 76
623 726 3
623 989 1
624 752 95
624 908 62
625 686 76
625 705 13
625 968 25
625 972 13
626 808 37
626 831 27
627 747 70
627 911 75
628 681 87
628 725 59
628 824 97
628 954 54
629 857 50
629 966 88
629 975 10
630 692 20
630 806 41
630 864 59
630 993 4
631 634 76
631 669 74
631 732 39
631 819 46
631 833 28
631 835 38
631 861 100
631 907 16
631 960 54
632 780 8
633 671 30
633 676 46
633 745 61
633 958 87
633 986 39
634 683 28
634 998 26
635 811 27
635 891 52
635 895 68
635 926 39
635 952 99
636 718 11
636 836 46
636 925 9
637 643 35
637 736 26
637 755 56
637 852 30
637 885 30
638 744 82
638 807 7
638 808 60
638 938 68
639 790 79
639 841 10
639 900 16
640 782 51
641 673 91
641 770 9
641 907 63
642 719 93
642 746 37
642 786 76
642 915 76
643 701 48
643 718 18
643 765 56
643 816 25
643 985 32
644 674 40
644 793 96
644 814 19
644 903 78
644 951 37
644 967 24
645 734 15
645 815 39
645 816 25
645 961 11
646 675 64
646 733 51
646 862 100
646 895 36
647 747 23
647 763 86
647 776 8
647 849 20
647 874 16
648 681 21
648 725 80
648 746 29
648 823 80
648 956 30
649 693 76
649 905 2
649 942 43
650 792 61
650 894 75
650 909 85
651 731 23
651 829 89
651 838 75
651 870 46
652 780 73
653 726 10
653 760 29
653 849 23
654 775 73
655 686 56
655 755 51
655 857 61
657 740 28
657 763 81
657 814 89
657 842 34
657 996 93
657 997 59
658 761 64
659 682 42
659 684 43
659 898 3
660 982 45
661 715 65
661 839 4
661 860 40
662 804 9
662 813 30
662 911 33
664 816 95
664 953 78
665 671 70
666 819 99
666 826 94
666 937 44
666 952 79
666 986 84
667 873 91
668 756 55
668 884 60
668 898 98
668 917 59
669 792 61
669 937 18
669 962 19
670 814 67
670 992 32
670 996 86
671 680 29
671 815 35
671 847 36
672 870 17
672 908 48
672 919 50
673 707 15
673 717 27
673 729 44
673 737 92
673 835 10
673 894 10
674 694 5
674 794 91
674 801 59
674 811 68
674 974 64
675 686 46
675 768 41
676 685 65
676 742 94
676 814 27
676 861 63
676 918 92
676 955 100
677 854 65
677 874 30
677 877 21
677 897 27
677 971 39
677 993 53
678 790 54
678 860 5
678 958 24
679 710 25
679 791 10
679 980 2
680 683 11
680 702 58
680 899 100
680 937 56
681 730 70
681 772 30
681 950 43
682 740 97
683 797 50
683 983 95
684 905 22
684 919 56
684 990 1
685 759 91
685 818 68
685 853 40
685 857 72
685 900 58
686 714 63
686 724 36
686 788 61
686 837 43
686 888 1
686 916 54
687 789 89
687 919 74
688 768 59
688 844 96
689 819 68
689 887 35
689 932 96
689 937 57
689 969 56
690 844 5
690 858 26
690 886 44
690 994 47
691 697 56
691 969 84
691 972 76
692 748 2
692 898 30
693 766 58
693 864 58
693 939 95
694 778 61
694 928 30
695 716 10
695 776 64
695 829 1
695 889 100
695 918 81
695 950 98
696 724 35
696 746 4
697 749 52
697 946 63
698 723 63
698 755 89
698 779 46
698 951 58
698 970 82
699 711 56
699 858 28
699 872 76
699 925 52
699 965 81
700 737 20
700 852 88
700 980 36
701 847 99
701 856 79
701 965 86
702 858 32
702 939 90
703 813 33
703 824 17
703 851 15
703 887 95
703 957 57
704 848 80
704 913 63
705 716 55
705 914 40
705 942 75
705 944 88
706 716 89
706 812 54
706 859 25
707 848 83
708 725 9
708 787 37
708 859 84
708 890 76
709 806 34
709 874 57
710 800 43
710 840 33
711 934 98
711 936 9
712 912 96
712 947 70
712 981 84
713 765 80
713 817 8
713 898 75
715 738 38
715 796 5
715 994 70
716 800 89
716 804 61
718 948 91
719 730 76
719 807 64
719 863 46
719 864 18
719 910 40
719 920 17
719 998 93
720 747 13
720 802 99
720 861 62
721 750 45
721 944 84
722 732 60
722 774 39
722 998 90
722 999 24
723 906 47
723 925 15
725 870 79
726 754 72
726 780 97
726 859 99
726 946 33
726 973 100
727 811 19
728 761 27
728 984 11
729 829 69
729 894 8
731 988 26
732 739 19
732 836 6
732 995 74
733 783 74
733 811 72
733 917 80
734 745 11
734 811 100
734 874 60
734 896 69
736 905 72
737 791 2
737 803 67
737 941 25
737 959 62
738 747 11
738 873 59
738 906 53
739 931 83
739 998 40
740 811 21
740 909 85
740 922 2
740 956 91
740 972 68
741 764 57
741 857 41
741 883 20
742 972 57
743 822 38
744 994 79
745 788 65
746 761 49
746 794 25
746 865 85
746 931 26
747 778 20
747 972 29
747 984 46
748 853 24
748 893 14
748 962 92
749 766 55
751 818 85
751 859 42
751 924 100
752 864 63
752 905 75
753 816 19
753 965 21
754 761 64
754 772 14
754 884 7
754 969 58
755 781 33
757 831 44
757 847 88
757 920 55
757 939 46
757 947 94
758 813 54
758 836 90
758 841 12
758 981 3
759 790 48
759 818 41
759 938 96
760 806 97
760 831 47
760 833 92
761 792 69
761 842 93
761 982 57
762 829 6
762 964 1
763 796 3
763 910 5
763 981 31
763 987 41
763 994 30
764 798 30
764 966 93
765 845 37
765 970 26
766 783 22
766 950 83
767 813 62
767 868 98
767 894 39
767 941 84
767 991 32
768 976 22
768 977 40
769 843 32
769 939 63
770 904 99
770 980 55
771 989 89
772 795 69
772 969 74
773 807 14
773 898 89
774 806 52
774 992 63
775 908 48
775 974 20
776 830 49
777 840 50
777 984 64
778 798 46
778 992 23
779 844 6
780 841 13
780 949 38
780 998 3
781 896 22
781 967 67
782 859 62
783 812 41
783 862 73
783 934 43
784 898 38
785 832 37
785 841 44
785 881 40
785 996 37
786 897 68
786 904 52
786 939 43
787 799 86
787 875 55
787 933 74
787 985 30
789 839 9
789 862 73
789 966 49
790 828 81
791 841 41
791 846 75
791 848 11
791 850 61
792 900 4
794 866 5
794 867 36
795 989 76
796 906 14
796 907 7
797 860 82
797 952 45
798 802 18
798 889 81
798 911 68
799 831 18
799 914 15
799 976 13
800 878 22
800 994 3
801 845 70
802 872 57
802 873 65
802 934 31
802 968 82
803 941 85
803 993 58
804 851 16
804 880 66
804 881 88
804 887 42
804 901 68
805 862 21
805 894 30
805 921 73
805 948 12
805 974 41
806 947 6
806 983 74
807 952 100
808 860 33
809 856 19
809 867 71
809 920 10
809 934 87
810 894 83
811 837 94
811 852 26
811 897 39
812 888 14
812 965 61
813 894 6
813 988 40
814 845 46
814 953 8
815 944 7
815 995 91
815 998 1
816 940 62
817 838 1
818 942 17
818 957 55
818 963 49
819 934 32
819 968 15
821 881 96
821 970 81
822 832 22
822 899 81
822 968 58
822 988 97
823 866 92
823 890 16
823 935 80
824 857 47
825 903 96
826 999 80
827 903 52
827 916 7
828 906 22
828 960 78
828 984 30
828 985 54
829 832 23
829 962 49
829 991 8
830 859 82
830 931 39
831 852 52
831 857 9
831 916 45
831 971 72
832 879 62
832 891 72
832 907 83
832 910 1
832 915 64
833 902 74
833 969 96
833 980 35
835 955 25
835 987 33
835 991 83
836 925 96
839 929 23
839 964 53
839 971 36
840 888 4
841 891 18
841 967 35
841 988 52
842 856 17
842 874 17
842 934 44
843 918 46
845 981 28
846 993 93
847 929 48
848 894 32
848 905 65
848 929 24
848 991 2
849 993 66
850 964 6
851 902 25
851 978 65
853 862 100
853 897 5
854 869 36
856 915 70
856 981 41
858 935 8
859 971 57
861 875 52
861 970 65
862 875 72
863 878 39
863 883 58
863 893 33
863 947 57
864 952 58
864 986 8
864 998 79
866 887 38
866 943 81
866 984 43
867 897 90
867 989 44
869 873 65
869 921 90
869 992 32
870 994 62
871 918 83
871 977 66
872 977 75
873 891 3
873 924 60
873 936 41
874 895 61
874 996 82
875 935 41
876 996 3
878 987 26
879 959 55
880 956 65
882 907 75
883 898 76
883 938 100
884 903 60
885 905 67
885 962 92
886 914 26
886 994 61
890 897 69
892 900 5
892 930 14
892 949 1
893 996 12
895 990 99
896 987 21
897 930 15
897 946 13
897 978 17
898 943 84
899 938 100
899 966 51
900 982 84
901 913 9
901 939 85
901 973 71
901 995 48
903 904 91
905 998 23
906 930 55
906 986 52
909 966 13
911 920 30
911 992 73
912 925 93
916 985 56
917 953 48
920 957 48
921 969 59
922 938 85
922 954 61
924 963 82
927 967 74
931 977 12
932 956 65
933 939 17
942 943 41
943 963 29
947 990 82
948 978 91
950 998 12
951 987 51
951 994 11
961 982 69
965 968 28
965 982 57
966 972 100
966 985 90
967 982 9
967 986 78
972 985 92
975 989 60
979 987 18
981 982 68
